2
2
2
2
3
3
3
5
6
6
7
7
7
9
9
9
10
11
12
13
14
14
15
15
16
16
17
19
20
21
22
22
25
26
27
27
28
29
30
30
31
34
34
35
36
38
38
39
39
40
40
40
41
43
44
46
47
47
47
49
49
50
52
53
55
58
59
60
60
61
61
61
62
64
65
66
67
67
68
69
69
69
70
70
71
71
73
74
75
75
75
75
76
76
76
76
78
79
81
81
81
81
82
82
85
87
88
90
90
90
91
92
93
93
93
94
95
96
97
97
98
98
101
101
101
101
102
102
103
104
105
106
108
108
109
110
110
111
112
114
117
121
122
122
124
126
126
127
128
129
129
133
133
134
135
136
137
138
139
140
140
140
141
142
143
143
143
143
144
144
146
147
147
148
148
148
150
151
151
153
153
154
154
156
157
158
160
160
162
163
163
163
164
165
165
165
165
167
167
168
169
170
170
170
171
172
173
173
174
175
175
177
178
178
179
179
180
182
183
183
183
188
188
189
189
192
192
193
193
194
194
196
196
196
197
198
199
199
201
201
202
203
206
206
206
206
207
208
209
210
210
210
212
212
213
213
214
216
217
217
218
219
222
222
224
224
225
225
226
229
229
232
232
232
232
232
232
234
235
235
237
238
242
243
245
246
248
248
249
249
252
252
255
255
256
256
257
258
258
259
260
262
262
263
264
265
265
268
268
269
269
270
272
272
272
273
273
274
274
276
276
276
277
277
278
278
278
279
279
282
282
282
284
284
285
285
286
287
288
288
288
291
292
293
293
295
297
297
298
300
301
302
303
305
306
306
309
309
309
311
312
313
313
314
314
314
315
319
319
319
319
321
323
323
323
324
326
326
329
329
329
330
332
332
333
333
333
334
335
335
336
337
338
339
340
340
340
341
341
341
341
342
343
344
344
345
346
346
347
347
347
349
351
351
352
354
356
357
359
359
359
360
360
360
361
362
362
362
362
362
363
364
365
366
367
370
370
371
371
372
372
372
373
373
373
374
375
375
375
376
377
377
377
377
378
378
378
379
379
380
381
382
382
382
383
384
384
385
386
386
386
386
387
387
387
388
388
391
391
392
393
393
394
395
396
397
397
397
398
400
403
403
404
405
405
405
408
409
409
409
411
412
415
415
415
416
417
422
422
422
423
424
425
426
426
427
427
427
430
432
433
434
434
435
436
436
437
440
441
441
442
443
444
444
444
445
446
448
448
449
450
451
452
452
454
456
456
456
457
457
459
459
460
461
461
462
463
463
463
464
464
464
465
466
467
469
470
471
471
471
473
478
479
479
479
480
480
481
481
482
485
485
486
486
487
488
489
489
490
490
491
491
492
492
492
493
494
495
495
496
497
499
500
500
502
502
502
504
505
505
505
506
506
507
508
508
509
512
513
513
513
515
518
520
522
522
523
523
526
529
529
530
531
531
532
532
533
533
534
534
535
536
537
537
538
539
539
540
541
541
542
544
544
545
548
548
550
551
554
556
558
558
560
562
562
562
564
564
565
568
570
570
571
571
572
572
573
573
574
574
576
576
576
576
576
578
578
578
578
579
579
579
581
581
583
583
584
584
586
586
588
589
590
590
592
593
593
594
594
594
594
595
596
596
597
598
598
598
600
600
601
601
601
601
601
602
603
603
603
604
604
604
605
605
606
607
608
608
609
610
611
613
614
614
614
614
615
617
617
619
619
621
621
621
622
622
623
623
623
624
624
625
625
626
626
626
627
627
631
631
632
633
635
635
637
639
640
640
640
640
641
642
642
643
644
645
651
652
653
655
657
658
658
658
658
658
659
660
660
660
663
663
664
664
665
667
668
668
669
669
670
670
671
671
671
671
672
673
673
673
675
675
676
676
677
677
677
677
679
679
680
683
684
686
686
686
687
688
689
692
693
693
694
694
695
695
695
695
696
697
698
699
699
702
702
703
704
705
706
707
708
708
709
710
712
712
713
713
714
714
716
716
718
719
719
720
720
720
721
723
724
727
728
728
729
729
730
730
731
731
731
732
732
732
733
735
736
737
740
740
740
740
740
742
742
743
743
744
744
745
746
748
749
750
751
753
753
754
754
754
755
756
757
758
758
759
759
760
762
764
764
765
765
766
766
767
767
768
769
769
769
770
771
771
772
772
772
773
773
774
775
775
775
775
778
779
779
779
780
780
780
781
781
782
782
783
783
784
787
788
789
790
794
794
795
797
797
799
800
800
801
802
803
804
804
804
804
805
805
805
805
805
807
807
807
809
812
813
814
814
814
815
815
815
816
817
817
821
821
821
822
822
822
823
824
825
826
826
827
829
830
831
832
832
833
833
834
835
836
837
837
841
842
842
844
847
849
849
850
850
851
852
853
853
855
855
856
856
856
856
857
858
859
860
860
862
862
863
863
865
866
869
869
870
871
871
872
874
875
875
876
877
877
878
878
878
878
878
879
879
880
880
880
880
881
882
883
883
884
884
885
886
886
887
889
889
892
895
895
895
896
896
899
900
900
900
900
902
903
904
904
907
907
908
910
911
911
913
916
916
916
917
918
920
920
920
921
921
923
923
924
924
925
929
929
929
932
933
934
934
934
936
937
937
939
940
941
944
944
944
945
949
952
954
955
955
956
956
957
959
959
960
961
962
964
964
966
966
966
967
967
969
972
977
978
978
978
979
980
980
980
981
981
982
983
983
984
987
987
989
989
989
990
991
991
993
994
994
995
995
995
996
997
997
998
998
998
999
1000
1000
1001
1002
1004
1006
1006
1007
1007
1007
1009
1009
1010
1010
1011
1012
1013
1013
1013
1014
1016
1017
1018
1018
1019
1019
1020
1020
1020
1020
1021
1021
1022
1023
1023
1023
1023
1024
1024
1024
1024
1024
1025
1028
1029
1031
1032
1034
1035
1036
1036
1037
1037
1037
1039
1040
1042
1042
1042
1043
1044
1044
1045
1046
1047
1047
1048
1049
1050
1050
1052
1052
1052
1052
1054
1056
1056
1057
1057
1057
1057
1060
1062
1062
1067
1070
1070
1070
1072
1072
1073
1073
1073
1073
1074
1074
1074
1077
1079
1080
1080
1084
1085
1085
1085
1085
1086
1087
1087
1088
1088
1088
1089
1090
1090
1091
1093
1095
1096
1098
1098
1098
1099
1100
1102
1104
1104
1106
1108
1109
1112
1113
1115
1115
1115
1115
1115
1116
1116
1117
1118
1118
1118
1121
1122
1122
1125
1125
1125
1126
1126
1130
1130
1132
1132
1132
1133
1135
1136
1136
1136
1137
1139
1139
1140
1142
1143
1144
1145
1146
1148
1151
1152
1152
1152
1153
1153
1154
1155
1157
1158
1160
1161
1161
1162
1162
1162
1162
1164
1164
1165
1166
1167
1167
1168
1168
1169
1170
1170
1170
1171
1171
1171
1173
1173
1173
1174
1174
1175
1175
1175
1177
1178
1179
1180
1181
1182
1182
1183
1187
1189
1189
1193
1193
1193
1194
1194
1194
1195
1196
1197
1197
1198
1198
1199
1199
1200
1200
1201
1204
1204
1204
1205
1205
1206
1207
1207
1208
1209
1211
1212
1213
1213
1213
1214
1216
1217
1217
1217
1218
1219
1220
1220
1221
1221
1222
1223
1224
1225
1226
1227
1229
1229
1232
1233
1233
1234
1235
1236
1237
1237
1237
1240
1241
1242
1242
1242
1243
1243
1244
1244
1246
1246
1246
1247
1247
1248
1249
1251
1251
1252
1252
1253
1254
1254
1254
1255
1255
1257
1259
1259
1260
1261
1261
1261
1262
1264
1266
1267
1269
1269
1269
1269
1271
1271
1272
1273
1274
1274
1275
1275
1276
1277
1278
1279
1280
1280
1281
1282
1282
1282
1282
1283
1284
1285
1286
1286
1288
1289
1294
1295
1295
1295
1296
1297
1298
1299
1300
1301
1303
1306
1306
1306
1307
1307
1308
1309
1309
1309
1310
1311
1312
1312
1313
1313
1314
1314
1315
1317
1317
1319
1321
1321
1322
1323
1323
1324
1324
1326
1327
1328
1328
1328
1328
1328
1329
1330
1337
1337
1340
1341
1341
1341
1341
1342
1343
1344
1346
1346
1347
1347
1349
1349
1350
1351
1351
1351
1352
1353
1354
1355
1355
1357
1358
1360
1363
1363
1363
1364
1364
1366
1368
1368
1368
1368
1370
1370
1370
1371
1373
1373
1374
1375
1376
1377
1377
1380
1380
1381
1381
1381
1382
1383
1383
1383
1385
1386
1389
1389
1389
1390
1390
1393
1393
1394
1395
1396
1396
1396
1397
1397
1397
1397
1398
1399
1399
1400
1401
1401
1402
1403
1406
1406
1407
1408
1409
1410
1413
1415
1415
1415
1416
1418
1418
1418
1419
1420
1420
1422
1422
1424
1425
1425
1427
1428
1428
1428
1428
1428
1429
1429
1431
1432
1433
1434
1438
1438
1438
1439
1440
1441
1441
1442
1442
1442
1444
1445
1445
1447
1448
1451
1451
1452
1453
1454
1456
1457
1457
1457
1458
1458
1459
1459
1459
1460
1460
1461
1462
1462
1463
1463
1464
1465
1465
1466
1466
1467
1469
1471
1471
1471
1473
1473
1474
1475
1476
1477
1477
1478
1479
1481
1481
1481
1484
1486
1486
1486
1488
1489
1489
1489
1491
1491
1492
1492
1493
1495
1496
1497
1497
1497
1498
1502
1502
1502
1504
1504
1505
1505
1506
1506
1507
1507
1507
1508
1509
1509
1509
1510
1510
1510
1512
1513
1515
1516
1517
1518
1518
1518
1519
1519
1521
1521
1522
1522
1522
1523
1523
1525
1526
1527
1528
1533
1534
1535
1535
1536
1536
1537
1538
1538
1538
1539
1540
1541
1541
1541
1542
1542
1542
1542
1543
1544
1546
1548
1548
1549
1550
1550
1554
1554
1555
1556
1557
1557
1558
1558
1558
1561
1562
1563
1563
1563
1564
1566
1566
1567
1570
1572
1572
1573
1573
1574
1575
1575
1577
1579
1580
1580
1580
1581
1581
1582
1582
1582
1584
1584
1585
1586
1587
1587
1590
1590
1590
1592
1592
1592
1593
1593
1593
1596
1596
1600
1601
1601
1601
1601
1601
1602
1603
1603
1603
1603
1603
1604
1605
1605
1606
1606
1606
1607
1608
1609
1609
1609
1610
1610
1610
1610
1610
1614
1614
1616
1617
1618
1619
1619
1620
1620
1621
1621
1621
1623
1623
1624
1624
1625
1627
1627
1627
1629
1632
1633
1633
1633
1637
1639
1639
1640
1642
1643
1644
1644
1645
1646
1647
1648
1648
1649
1649
1650
1651
1651
1651
1652
1652
1653
1653
1654
1654
1655
1655
1656
1657
1658
1659
1661
1661
1662
1662
1662
1663
1663
1663
1663
1663
1664
1664
1664
1664
1665
1667
1668
1669
1669
1669
1670
1670
1670
1671
1671
1672
1672
1672
1672
1674
1675
1675
1676
1677
1677
1678
1678
1678
1679
1679
1681
1682
1684
1685
1686
1687
1688
1688
1689
1691
1691
1692
1692
1693
1694
1694
1695
1695
1695
1695
1695
1696
1696
1698
1698
1699
1700
1700
1701
1702
1706
1707
1709
1712
1714
1714
1715
1716
1716
1718
1718
1718
1720
1721
1722
1723
1725
1725
1727
1727
1729
1729
1732
1732
1733
1733
1734
1734
1735
1736
1736
1737
1737
1738
1738
1740
1741
1741
1742
1742
1743
1745
1745
1746
1746
1748
1748
1748
1749
1749
1749
1750
1750
1751
1751
1752
1752
1753
1754
1754
1754
1756
1756
1757
1758
1759
1760
1761
1761
1761
1762
1763
1764
1764
1765
1765
1766
1768
1769
1770
1774
1774
1775
1776
1776
1778
1778
1778
1780
1780
1781
1782
1783
1783
1783
1784
1784
1787
1788
1790
1794
1794
1795
1796
1798
1799
1801
1802
1802
1803
1804
1805
1805
1807
1808
1808
1809
1809
1812
1813
1813
1813
1813
1813
1814
1817
1817
1818
1818
1820
1822
1823
1824
1824
1825
1826
1827
1827
1828
1829
1829
1829
1830
1830
1831
1831
1832
1832
1833
1833
1834
1834
1835
1836
1838
1838
1838
1840
1842
1842
1843
1844
1844
1844
1846
1846
1847
1848
1848
1849
1851
1851
1851
1852
1852
1853
1853
1854
1855
1855
1855
1856
1856
1857
1858
1859
1861
1861
1863
1863
1865
1865
1866
1866
1867
1867
1868
1870
1871
1871
1871
1871
1876
1876
1876
1876
1877
1877
1877
1877
1880
1880
1880
1882
1884
1886
1886
1886
1888
1890
1890
1890
1892
1892
1893
1893
1894
1896
1897
1897
1897
1898
1899
1901
1901
1901
1902
1903
1903
1903
1903
1903
1906
1906
1907
1907
1908
1908
1913
1913
1914
1915
1915
1916
1917
1918
1919
1920
1920
1921
1922
1923
1923
1923
1925
1925
1925
1925
1926
1927
1928
1930
1931
1932
1933
1933
1934
1935
1937
1939
1939
1939
1941
1941
1942
1942
1942
1942
1943
1946
1946
1946
1947
1947
1947
1947
1948
1948
1949
1950
1950
1950
1952
1952
1953
1953
1953
1954
1954
1954
1955
1956
1956
1956
1958
1958
1959
1960
1961
1961
1962
1963
1964
1964
1966
1966
1968
1969
1971
1971
1971
1972
1972
1972
1973
1973
1973
1974
1977
1978
1979
1980
1980
1980
1981
1981
1982
1982
1983
1983
1984
1984
1987
1988
1988
1989
1989
1991
1991
1991
1992
1992
1995
1996
1996
1999
2000
2001
2003
2003
2003
2004
2005
2008
2009
2011
2012
2012
2012
2012
2014
2014
2015
2015
2015
2015
2016
2017
2018
2019
2020
2021
2022
2022
2023
2023
2025
2025
2027
2027
2027
2027
2029
2029
2030
2031
2032
2034
2034
2035
2035
2036
2036
2038
2038
2039
2040
2040
2040
2040
2044
2044
2045
2045
2046
2046
2046
2047
2049
2050
2050
2051
2052
2053
2053
2054
2054
2055
2055
2055
2058
2059
2059
2060
2061
2061
2062
2063
2064
2064
2064
2065
2065
2066
2067
2068
2069
2069
2069
2069
2070
2072
2074
2074
2075
2076
2077
2077
2077
2078
2078
2080
2081
2083
2087
2087
2088
2088
2088
2088
2089
2089
2089
2089
2090
2090
2091
2091
2094
2094
2094
2094
2095
2095
2095
2095
2096
2097
2100
2100
2101
2101
2102
2102
2102
2102
2104
2105
2106
2107
2107
2108
2109
2110
2111
2111
2112
2112
2112
2113
2113
2113
2114
2114
2114
2116
2117
2117
2118
2119
2121
2123
2123
2125
2126
2127
2130
2130
2132
2133
2133
2133
2133
2134
2135
2136
2136
2136
2136
2136
2137
2138
2138
2140
2141
2141
2144
2145
2147
2147
2148
2149
2149
2150
2154
2154
2155
2156
2156
2156
2158
2159
2160
2161
2161
2164
2166
2166
2167
2167
2168
2168
2169
2169
2170
2171
2171
2171
2172
2173
2173
2175
2175
2176
2176
2177
2177
2178
2178
2180
2180
2181
2183
2184
2185
2186
2187
2187
2189
2190
2191
2191
2191
2193
2194
2194
2195
2195
2196
2197
2198
2198
2200
2200
2201
2201
2202
2204
2205
2206
2208
2209
2210
2210
2211
2212
2214
2216
2216
2219
2221
2222
2222
2223
2223
2224
2226
2226
2229
2229
2229
2229
2230
2230
2231
2232
2233
2235
2236
2236
2237
2237
2237
2239
2239
2240
2241
2245
2245
2245
2245
2246
2246
2246
2247
2247
2247
2249
2250
2251
2251
2252
2253
2255
2256
2256
2257
2257
2257
2258
2258
2259
2261
2261
2261
2261
2262
2262
2263
2264
2264
2264
2265
2267
2270
2270
2270
2270
2271
2271
2271
2272
2274
2274
2274
2275
2275
2277
2277
2278
2278
2278
2278
2279
2280
2282
2283
2284
2285
2287
2287
2287
2289
2292
2293
2294
2296
2297
2298
2298
2299
2300
2301
2302
2304
2304
2305
2305
2305
2305
2308
2312
2312
2312
2313
2315
2317
2318
2318
2318
2319
2320
2322
2322
2322
2323
2323
2324
2325
2326
2327
2327
2327
2328
2330
2330
2331
2331
2332
2332
2333
2333
2337
2337
2337
2338
2339
2341
2341
2342
2342
2342
2343
2344
2348
2348
2349
2350
2351
2352
2353
2354
2354
2355
2356
2356
2357
2359
2360
2360
2360
2361
2361
2362
2362
2362
2362
2363
2365
2365
2365
2365
2368
2368
2368
2370
2371
2371
2371
2372
2374
2375
2376
2377
2377
2380
2381
2381
2382
2382
2383
2384
2385
2386
2386
2387
2388
2388
2390
2390
2390
2391
2391
2393
2393
2394
2394
2394
2395
2395
2396
2397
2397
2398
2398
2399
2399
2400
2401
2401
2401
2402
2402
2402
2404
2407
2407
2408
2408
2408
2409
2409
2410
2411
2412
2412
2412
2412
2413
2413
2413
2415
2416
2416
2417
2418
2420
2420
2421
2422
2422
2423
2423
2425
2426
2427
2430
2430
2430
2431
2432
2432
2432
2432
2433
2433
2433
2434
2434
2435
2436
2436
2438
2439
2440
2440
2440
2440
2441
2441
2441
2441
2441
2443
2444
2445
2445
2446
2447
2449
2451
2451
2453
2454
2455
2458
2458
2458
2458
2458
2458
2458
2459
2459
2459
2459
2460
2460
2462
2462
2463
2463
2464
2466
2467
2470
2471
2471
2472
2472
2473
2473
2473
2474
2476
2476
2476
2477
2477
2477
2477
2477
2478
2478
2478
2479
2479
2481
2484
2484
2485
2487
2488
2489
2489
2490
2490
2491
2491
2491
2492
2493
2494
2494
2495
2495
2495
2495
2497
2498
2499
2500
2500
2500
2501
2501
2501
2504
2506
2507
2507
2507
2508
2511
2511
2511
2512
2512
2512
2513
2513
2513
2513
2516
2516
2516
2516
2516
2519
2520
2522
2522
2523
2524
2524
2526
2528
2528
2530
2530
2530
2530
2531
2531
2533
2533
2537
2538
2538
2538
2539
2539
2540
2541
2541
2541
2542
2542
2543
2543
2544
2549
2550
2551
2553
2555
2555
2555
2556
2556
2557
2557
2557
2557
2558
2562
2562
2563
2563
2563
2563
2564
2564
2564
2564
2565
2567
2567
2568
2568
2569
2569
2571
2571
2572
2572
2572
2572
2576
2577
2577
2579
2580
2581
2582
2584
2585
2585
2586
2586
2588
2588
2588
2591
2592
2592
2594
2595
2596
2596
2596
2596
2596
2596
2597
2597
2597
2598
2598
2600
2601
2601
2601
2601
2602
2602
2603
2603
2603
2603
2603
2604
2604
2605
2607
2607
2607
2608
2608
2609
2609
2609
2610
2610
2612
2612
2612
2612
2612
2613
2614
2615
2615
2615
2616
2618
2619
2620
2621
2621
2622
2622
2622
2623
2624
2625
2625
2629
2629
2630
2630
2633
2633
2633
2634
2634
2635
2635
2636
2637
2639
2640
2642
2643
2643
2643
2646
2647
2647
2647
2648
2649
2650
2650
2651
2651
2652
2653
2653
2653
2654
2658
2659
2659
2661
2662
2662
2664
2665
2666
2667
2667
2667
2667
2668
2668
2669
2671
2672
2673
2673
2674
2675
2678
2678
2678
2679
2681
2681
2683
2683
2684
2684
2684
2685
2685
2687
2688
2689
2689
2691
2692
2693
2695
2695
2697
2698
2699
2699
2699
2702
2703
2703
2704
2705
2706
2708
2709
2710
2710
2711
2712
2713
2713
2714
2716
2717
2718
2719
2720
2721
2722
2722
2722
2723
2724
2726
2727
2727
2729
2735
2736
2737
2737
2740
2740
2740
2740
2740
2741
2741
2741
2742
2743
2744
2747
2747
2749
2751
2752
2754
2755
2755
2757
2761
2762
2764
2764
2766
2766
2766
2769
2773
2773
2774
2774
2776
2776
2777
2777
2778
2779
2779
2780
2781
2781
2783
2784
2785
2786
2786
2786
2787
2789
2791
2791
2791
2792
2792
2793
2794
2794
2800
2801
2801
2801
2802
2804
2805
2805
2806
2807
2808
2809
2809
2811
2814
2814
2816
2817
2818
2818
2819
2819
2819
2819
2820
2820
2821
2821
2822
2825
2825
2825
2826
2826
2829
2830
2831
2832
2836
2836
2839
2840
2841
2841
2845
2849
2849
2849
2851
2853
2854
2855
2855
2855
2856
2856
2859
2860
2861
2862
2863
2863
2863
2865
2866
2867
2869
2870
2871
2873
2874
2874
2875
2876
2876
2877
2879
2879
2881
2883
2885
2887
2887
2888
2891
2892
2893
2893
2895
2896
2897
2897
2898
2900
2900
2900
2901
2902
2907
2909
2914
2915
2917
2918
2918
2918
2920
2920
2921
2922
2922
2922
2924
2924
2925
2926
2928
2928
2930
2931
2931
2932
2933
2935
2938
2938
2939
2942
2943
2946
2947
2947
2949
2951
2951
2954
2955
2956
2957
2958
2958
2961
2961
2963
2964
2966
2967
2968
2969
2975
2975
2976
2977
2980
2982
2982
2983
2983
2984
2984
2985
2987
2987
2989
2990
2990
2991
2992
2992
2993
2994
2995
2995
2996
2996
2996
2996
2997
2998
2999
3000
3002
3003
3005
3006
3007
3007
3007
3008
3013
3016
3016
3019
3025
3025
3027
3029
3030
3032
3033
3034
3035
3035
3035
3036
3036
3037
3038
3039
3039
3040
3041
3041
3042
3043
3045
3048
3050
3050
3051
3051
3051
3052
3052
3053
3053
3054
3055
3055
3057
3057
3057
3058
3059
3060
3061
3063
3063
3065
3065
3066
3067
3069
3072
3073
3074
3074
3076
3076
3078
3079
3079
3080
3080
3081
3082
3083
3088
3089
3089
3092
3092
3093
3093
3094
3095
3095
3101
3101
3101
3102
3104
3107
3109
3110
3111
3111
3113
3114
3115
3115
3115
3117
3117
3119
3120
3121
3122
3124
3127
3131
3132
3132
3133
3133
3133
3135
3135
3136
3136
3136
3137
3137
3139
3139
3140
3141
3144
3145
3148
3148
3151
3151
3152
3152
3153
3155
3155
3155
3157
3157
3158
3159
3161
3162
3162
3162
3164
3168
3169
3171
3171
3172
3174
3175
3177
3177
3179
3179
3179
3181
3182
3183
3185
3185
3186
3187
3189
3190
3191
3192
3192
3193
3194
3194
3195
3195
3196
3196
3196
3197
3198
3198
3201
3203
3206
3207
3210
3211
3211
3212
3212
3213
3214
3215
3215
3218
3219
3219
3219
3221
3221
3222
3223
3224
3224
3228
3230
3231
3231
3236
3237
3239
3240
3241
3241
3241
3242
3243
3243
3243
3245
3247
3249
3250
3251
3251
3256
3256
3258
3258
3259
3261
3261
3263
3263
3263
3263
3265
3268
3269
3269
3271
3273
3274
3278
3278
3279
3280
3281
3282
3283
3284
3284
3284
3285
3286
3287
3289
3289
3291
3294
3295
3295
3297
3298
3300
3300
3301
3305
3308
3308
3309
3311
3311
3311
3313
3314
3314
3314
3314
3315
3316
3317
3317
3319
3320
3322
3323
3323
3325
3325
3326
3327
3327
3327
3327
3328
3329
3329
3329
3332
3335
3336
3336
3338
3339
3339
3340
3342
3342
3342
3346
3346
3347
3347
3348
3349
3350
3351
3352
3354
3355
3355
3356
3356
3356
3358
3358
3359
3361
3361
3361
3364
3364
3366
3368
3369
3369
3370
3370
3373
3375
3376
3376
3376
3377
3377
3378
3378
3379
3379
3382
3382
3383
3385
3385
3387
3388
3389
3391
3391
3391
3392
3392
3392
3393
3394
3394
3395
3396
3396
3396
3397
3397
3400
3401
3405
3407
3409
3410
3413
3417
3417
3418
3418
3418
3422
3422
3423
3423
3423
3424
3426
3426
3429
3430
3432
3433
3433
3434
3435
3436
3438
3440
3445
3445
3445
3446
3447
3449
3453
3454
3454
3456
3456
3457
3458
3460
3460
3461
3461
3464
3464
3467
3468
3468
3469
3470
3470
3472
3474
3474
3476
3477
3477
3478
3479
3479
3480
3481
3482
3484
3485
3485
3488
3489
3491
3491
3494
3494
3499
3500
3500
3502
3503
3504
3504
3505
3509
3512
3513
3514
3515
3517
3517
3519
3521
3521
3522
3522
3522
3524
3524
3524
3526
3526
3526
3528
3529
3531
3532
3532
3533
3534
3534
3535
3535
3535
3535
3536
3539
3539
3540
3541
3542
3543
3543
3544
3546
3546
3546
3547
3551
3553
3553
3553
3553
3555
3556
3558
3558
3559
3559
3559
3559
3561
3563
3563
3564
3564
3564
3565
3565
3568
3568
3570
3570
3572
3573
3574
3575
3575
3575
3575
3576
3578
3579
3579
3580
3581
3581
3582
3582
3584
3589
3590
3592
3594
3596
3596
3597
3598
3601
3601
3604
3605
3605
3609
3609
3610
3610
3612
3613
3613
3614
3615
3616
3621
3622
3622
3623
3624
3625
3625
3626
3630
3631
3634
3634
3635
3636
3636
3637
3638
3641
3642
3642
3643
3643
3643
3644
3644
3645
3645
3646
3647
3648
3650
3650
3652
3652
3654
3654
3657
3657
3658
3660
3661
3662
3664
3666
3668
3668
3670
3671
3671
3673
3675
3678
3680
3684
3685
3685
3686
3688
3688
3690
3691
3692
3694
3695
3697
3705
3705
3706
3706
3706
3708
3708
3710
3710
3711
3712
3713
3715
3716
3716
3716
3719
3721
3721
3722
3723
3723
3725
3727
3728
3729
3730
3731
3734
3735
3735
3736
3737
3738
3739
3740
3740
3745
3747
3747
3747
3751
3756
3758
3759
3760
3762
3762
3764
3764
3765
3765
3767
3768
3769
3772
3772
3773
3775
3776
3776
3777
3777
3781
3782
3784
3785
3786
3786
3788
3789
3791
3791
3792
3793
3793
3794
3794
3795
3795
3798
3798
3799
3801
3801
3801
3802
3803
3804
3804
3805
3806
3806
3806
3808
3809
3809
3812
3813
3813
3814
3815
3816
3819
3821
3822
3823
3826
3828
3828
3829
3829
3830
3831
3831
3834
3841
3842
3842
3843
3844
3846
3846
3848
3849
3855
3855
3856
3859
3861
3861
3862
3862
3862
3863
3865
3865
3867
3869
3869
3874
3874
3875
3875
3876
3877
3878
3879
3879
3880
3880
3881
3881
3883
3885
3886
3887
3887
3888
3888
3890
3891
3896
3897
3897
3897
3898
3898
3900
3900
3900
3901
3901
3902
3902
3902
3904
3904
3906
3906
3907
3909
3909
3911
3911
3913
3913
3913
3915
3915
3917
3918
3919
3919
3919
3919
3920
3920
3921
3923
3924
3925
3925
3927
3929
3929
3929
3931
3931
3933
3934
3935
3936
3936
3937
3938
3938
3940
3941
3941
3946
3946
3947
3949
3951
3951
3951
3953
3955
3960
3962
3963
3964
3964
3968
3969
3970
3972
3975
3977
3977
3982
3984
3986
3986
3988
3988
3990
3991
3994
3995
3996
3997
3998
3999
4000
4001
4002
4003
4004
4004
4005
4006
4006
4007
4009
4010
4010
4010
4011
4011
4013
4013
4015
4016
4017
4019
4020
4020
4021
4022
4022
4023
4024
4025
4025
4029
4029
4029
4030
4031
4031
4031
4035
4035
4039
4039
4040
4041
4042
4043
4044
4046
4048
4048
4050
4051
4051
4051
4052
4057
4057
4058
4058
4059
4063
4064
4066
4069
4071
4071
4073
4074
4074
4076
4076
4076
4079
4081
4082
4083
4084
4084
4085
4086
4089
4090
4093
4095
4096
4096
4102
4102
4105
4105
4107
4108
4109
4112
4113
4113
4113
4115
4118
4119
4120
4122
4124
4124
4125
4126
4126
4127
4127
4128
4128
4129
4130
4131
4132
4134
4137
4137
4138
4140
4140
4141
4144
4145
4145
4146
4152
4155
4156
4157
4158
4159
4160
4160
4161
4161
4161
4162
4169
4170
4171
4172
4174
4175
4176
4178
4179
4182
4183
4185
4185
4186
4190
4191
4194
4196
4197
4199
4200
4200
4200
4200
4202
4203
4204
4204
4205
4206
4210
4212
4213
4214
4215
4215
4216
4219
4220
4220
4221
4224
4226
4227
4227
4228
4230
4230
4231
4232
4233
4234
4235
4236
4236
4236
4236
4237
4239
4239
4242
4243
4243
4245
4245
4248
4248
4249
4252
4253
4256
4258
4259
4259
4261
4262
4262
4264
4266
4266
4268
4269
4272
4272
4273
4273
4280
4283
4283
4284
4285
4285
4285
4286
4288
4288
4288
4291
4292
4292
4293
4293
4295
4296
4297
4298
4300
4301
4301
4302
4302
4304
4305
4305
4305
4312
4312
4312
4312
4313
4318
4319
4320
4320
4322
4323
4328
4328
4328
4328
4330
4331
4331
4333
4334
4335
4336
4338
4341
4342
4343
4345
4347
4347
4348
4349
4351
4351
4355
4356
4356
4360
4361
4361
4365
4366
4367
4369
4369
4372
4372
4372
4373
4373
4374
4375
4376
4376
4378
4379
4379
4384
4386
4387
4387
4388
4389
4390
4392
4392
4393
4393
4394
4395
4395
4397
4400
4401
4402
4403
4403
4406
4406
4407
4407
4408
4408
4410
4410
4412
4414
4414
4415
4418
4421
4422
4423
4423
4423
4424
4424
4424
4425
4425
4427
4429
4430
4433
4433
4434
4435
4435
4437
4437
4438
4439
4440
4440
4441
4441
4442
4443
4444
4445
4446
4446
4447
4450
4450
4450
4450
4450
4451
4451
4452
4452
4452
4453
4454
4454
4455
4457
4457
4458
4458
4459
4459
4460
4462
4463
4463
4464
4464
4464
4465
4467
4468
4470
4471
4472
4473
4474
4475
4475
4476
4477
4480
4482
4483
4483
4484
4484
4485
4486
4487
4487
4488
4491
4491
4492
4493
4494
4494
4494
4495
4496
4496
4500
4501
4501
4503
4503
4503
4503
4504
4504
4505
4505
4506
4507
4509
4509
4509
4511
4512
4512
4512
4514
4518
4521
4524
4526
4526
4527
4528
4530
4532
4532
4532
4532
4532
4533
4534
4537
4537
4538
4538
4540
4542
4543
4545
4546
4547
4548
4548
4548
4548
4549
4549
4551
4552
4553
4555
4556
4556
4558
4559
4560
4561
4563
4564
4564
4566
4569
4569
4571
4576
4576
4577
4577
4577
4577
4578
4578
4578
4580
4581
4581
4582
4583
4583
4585
4586
4587
4588
4590
4593
4596
4596
4596
4597
4598
4599
4600
4601
4602
4602
4602
4602
4603
4604
4604
4605
4606
4607
4608
4608
4608
4609
4609
4610
4611
4611
4612
4614
4615
4616
4617
4620
4620
4622
4623
4624
4626
4628
4629
4630
4630
4633
4634
4636
4637
4637
4642
4642
4643
4644
4644
4644
4645
4645
4648
4649
4650
4650
4653
4654
4657
4658
4659
4660
4660
4661
4662
4665
4665
4665
4665
4666
4667
4667
4668
4670
4670
4676
4677
4680
4680
4681
4681
4682
4685
4688
4688
4689
4690
4690
4691
4691
4691
4695
4695
4696
4696
4696
4697
4698
4700
4701
4702
4703
4703
4704
4705
4705
4709
4709
4711
4712
4713
4713
4715
4716
4717
4718
4719
4720
4722
4723
4725
4726
4726
4727
4728
4729
4730
4731
4731
4732
4732
4734
4735
4735
4737
4738
4740
4740
4741
4744
4745
4747
4749
4750
4751
4751
4751
4752
4752
4752
4753
4754
4755
4755
4755
4756
4756
4760
4760
4761
4763
4764
4765
4767
4767
4768
4771
4771
4771
4772
4774
4776
4777
4777
4778
4780
4780
4783
4783
4784
4784
4786
4788
4791
4791
4791
4792
4792
4794
4796
4797
4799
4799
4800
4800
4801
4801
4802
4803
4804
4808
4810
4810
4810
4810
4811
4812
4812
4812
4814
4818
4818
4819
4820
4820
4822
4826
4828
4830
4832
4833
4833
4834
4834
4835
4836
4839
4839
4840
4841
4842
4842
4843
4843
4843
4843
4845
4847
4850
4851
4851
4852
4852
4854
4860
4860
4860
4863
4863
4863
4863
4863
4865
4865
4866
4868
4868
4868
4871
4872
4872
4873
4873
4873
4874
4874
4875
4875
4876
4876
4880
4880
4881
4882
4885
4886
4886
4891
4892
4892
4895
4896
4899
4899
4899
4900
4901
4902
4903
4903
4904
4904
4908
4909
4910
4912
4913
4913
4914
4914
4918
4918
4921
4922
4923
4923
4924
4926
4927
4928
4928
4929
4929
4930
4930
4932
4936
4936
4936
4938
4938
4940
4942
4942
4942
4943
4949
4949
4950
4950
4953
4953
4954
4957
4958
4958
4958
4959
4961
4963
4964
4964
4965
4966
4967
4967
4970
4972
4973
4974
4974
4975
4976
4976
4976
4977
4979
4982
4983
4987
4988
4989
4989
4991
4994
4996
4996
4997
4997
4997
4998
4999
5001
5002
5002
5004
5005
5006
5008
5008
5010
5011
5012
5013
5013
5014
5016
5018
5019
5020
5022
5022
5022
5022
5023
5023
5023
5024
5025
5025
5026
5026
5027
5027
5036
5036
5037
5038
5039
5042
5045
5045
5045
5046
5046
5049
5051
5051
5052
5052
5053
5053
5055
5057
5058
5058
5059
5061
5061
5062
5065
5066
5067
5072
5072
5073
5075
5077
5078
5080
5080
5081
5081
5082
5083
5084
5084
5085
5085
5088
5093
5093
5094
5094
5094
5095
5097
5097
5098
5098
5099
5101
5101
5103
5104
5105
5108
5111
5112
5113
5114
5114
5114
5114
5114
5116
5116
5117
5121
5121
5122
5122
5123
5125
5125
5128
5128
5128
5128
5128
5131
5134
5134
5135
5136
5137
5141
5141
5142
5142
5142
5143
5144
5144
5145
5147
5149
5152
5153
5156
5156
5157
5157
5157
5157
5158
5160
5162
5164
5166
5166
5168
5169
5169
5169
5172
5172
5173
5174
5175
5175
5176
5177
5178
5181
5181
5182
5183
5183
5185
5190
5191
5192
5193
5194
5195
5195
5197
5198
5199
5199
5201
5201
5202
5205
5206
5208
5209
5209
5210
5211
5214
5215
5216
5216
5217
5218
5218
5218
5219
5220
5221
5222
5223
5224
5224
5227
5228
5228
5229
5229
5229
5230
5234
5234
5234
5234
5236
5237
5238
5239
5242
5243
5243
5247
5247
5248
5249
5249
5252
5255
5255
5256
5256
5256
5257
5258
5260
5260
5261
5261
5262
5264
5265
5265
5265
5266
5268
5268
5268
5270
5271
5272
5273
5273
5275
5275
5276
5279
5280
5282
5284
5285
5287
5287
5288
5291
5292
5294
5294
5294
5295
5295
5300
5300
5302
5303
5304
5304
5306
5306
5307
5307
5307
5308
5308
5310
5311
5312
5313
5313
5314
5315
5315
5316
5316
5316
5317
5317
5319
5320
5321
5321
5322
5322
5323
5324
5324
5326
5327
5332
5334
5338
5339
5339
5340
5340
5343
5344
5344
5344
5346
5348
5350
5350
5351
5351
5352
5352
5352
5353
5353
5353
5354
5354
5358
5358
5360
5361
5361
5361
5362
5362
5364
5364
5364
5365
5365
5365
5366
5367
5368
5369
5369
5370
5371
5372
5373
5374
5374
5374
5375
5375
5376
5378
5378
5379
5380
5382
5384
5385
5385
5387
5387
5390
5390
5391
5392
5392
5393
5394
5394
5395
5395
5396
5398
5401
5401
5403
5403
5404
5406
5407
5407
5408
5408
5409
5410
5410
5412
5415
5416
5417
5418
5419
5419
5421
5422
5422
5424
5424
5425
5429
5429
5430
5430
5433
5434
5435
5436
5436
5437
5438
5438
5442
5442
5443
5443
5444
5446
5447
5449
5449
5450
5451
5451
5453
5455
5456
5456
5457
5457
5457
5458
5458
5459
5462
5463
5464
5464
5465
5467
5469
5470
5471
5472
5474
5474
5476
5476
5477
5481
5484
5487
5488
5493
5493
5493
5495
5495
5496
5497
5498
5500
5500
5502
5504
5504
5505
5507
5510
5512
5512
5514
5514
5516
5516
5517
5518
5519
5520
5521
5521
5523
5524
5527
5528
5528
5528
5528
5529
5529
5532
5532
5533
5534
5536
5537
5537
5539
5539
5542
5543
5544
5544
5545
5547
5547
5551
5554
5555
5556
5557
5558
5560
5563
5563
5563
5563
5564
5565
5568
5569
5569
5569
5570
5570
5570
5571
5573
5574
5578
5579
5580
5583
5584
5584
5584
5585
5589
5589
5590
5590
5590
5592
5593
5594
5594
5595
5596
5597
5598
5599
5605
5609
5610
5611
5611
5613
5614
5614
5614
5616
5616
5617
5617
5617
5618
5619
5619
5622
5623
5624
5624
5625
5627
5629
5630
5630
5631
5632
5632
5632
5634
5637
5638
5639
5639
5639
5640
5640
5640
5641
5643
5643
5644
5646
5647
5647
5647
5648
5648
5649
5650
5650
5651
5654
5654
5654
5654
5656
5656
5656
5657
5661
5661
5661
5664
5664
5666
5669
5669
5671
5671
5672
5673
5674
5676
5677
5677
5677
5678
5678
5678
5679
5680
5680
5680
5680
5680
5682
5682
5682
5684
5685
5685
5686
5687
5688
5688
5688
5689
5692
5693
5693
5695
5696
5696
5696
5697
5697
5701
5702
5703
5704
5704
5705
5705
5706
5706
5707
5707
5709
5710
5710
5711
5712
5713
5713
5714
5716
5717
5721
5722
5722
5723
5724
5724
5725
5726
5726
5727
5731
5733
5734
5735
5736
5739
5740
5740
5742
5742
5744
5745
5745
5747
5748
5749
5749
5750
5751
5751
5751
5752
5753
5754
5755
5756
5756
5756
5757
5757
5758
5758
5758
5759
5760
5765
5765
5767
5770
5773
5773
5774
5775
5776
5777
5778
5780
5780
5781
5782
5782
5784
5788
5789
5789
5793
5794
5795
5795
5798
5799
5800
5800
5803
5805
5807
5809
5809
5811
5812
5812
5813
5813
5817
5820
5820
5822
5822
5824
5826
5829
5830
5831
5831
5832
5832
5832
5834
5836
5837
5838
5838
5839
5840
5840
5841
5841
5842
5842
5843
5843
5844
5846
5847
5850
5851
5856
5858
5858
5862
5864
5864
5868
5870
5874
5874
5875
5875
5876
5877
5878
5880
5881
5881
5882
5882
5882
5883
5885
5886
5887
5887
5888
5890
5893
5894
5894
5895
5895
5896
5896
5897
5897
5898
5898
5898
5899
5899
5901
5901
5903
5903
5904
5905
5905
5908
5908
5908
5908
5909
5909
5913
5913
5917
5917
5918
5918
5919
5920
5921
5922
5922
5922
5925
5929
5930
5931
5932
5932
5933
5935
5937
5937
5937
5938
5939
5939
5939
5940
5940
5940
5941
5943
5944
5944
5944
5946
5947
5947
5950
5952
5956
5958
5958
5958
5959
5960
5961
5961
5962
5963
5963
5966
5967
5969
5971
5972
5973
5973
5974
5975
5977
5977
5977
5978
5983
5987
5989
5991
5993
5993
5994
5995
5995
5996
6001
6001
6001
6002
6006
6008
6009
6010
6010
6010
6010
6010
6013
6014
6015
6016
6017
6019
6020
6020
6021
6024
6025
6028
6030
6031
6032
6032
6033
6033
6034
6034
6035
6036
6037
6039
6040
6044
6044
6045
6045
6047
6048
6048
6049
6051
6051
6051
6052
6054
6056
6056
6056
6057
6057
6058
6059
6059
6059
6059
6060
6064
6064
6067
6068
6070
6072
6073
6073
6073
6074
6075
6076
6078
6087
6087
6088
6091
6095
6095
6096
6096
6098
6099
6101
6101
6102
6104
6108
6109
6109
6110
6115
6118
6120
6121
6121
6122
6122
6123
6127
6127
6127
6127
6127
6129
6131
6131
6131
6134
6134
6135
6135
6135
6138
6139
6139
6140
6140
6141
6143
6143
6143
6143
6144
6146
6150
6151
6152
6152
6155
6156
6156
6156
6156
6158
6160
6160
6161
6163
6164
6165
6166
6166
6167
6168
6170
6170
6173
6174
6174
6176
6177
6177
6179
6181
6184
6185
6185
6185
6185
6187
6188
6188
6190
6191
6193
6194
6196
6197
6197
6201
6202
6202
6203
6204
6205
6206
6206
6208
6209
6209
6210
6211
6211
6214
6216
6216
6216
6218
6219
6221
6222
6222
6222
6228
6228
6229
6231
6231
6231
6231
6232
6233
6234
6235
6235
6235
6236
6236
6241
6243
6244
6245
6246
6246
6247
6247
6247
6248
6248
6249
6250
6252
6254
6254
6255
6255
6256
6257
6257
6257
6259
6259
6259
6260
6261
6261
6265
6266
6266
6267
6267
6269
6270
6270
6270
6271
6271
6271
6272
6273
6273
6273
6273
6276
6277
6279
6280
6280
6282
6283
6283
6284
6285
6286
6287
6288
6289
6290
6290
6291
6293
6293
6296
6297
6297
6297
6297
6299
6301
6307
6307
6307
6307
6307
6309
6309
6311
6311
6312
6317
6317
6318
6318
6319
6319
6319
6319
6319
6322
6322
6323
6325
6325
6325
6325
6329
6331
6331
6332
6334
6335
6335
6336
6336
6338
6339
6340
6341
6341
6341
6341
6343
6345
6347
6350
6351
6352
6352
6354
6357
6358
6358
6358
6359
6359
6360
6360
6361
6361
6361
6363
6367
6367
6368
6368
6369
6371
6371
6372
6372
6375
6376
6376
6378
6378
6378
6381
6384
6386
6388
6388
6389
6391
6391
6392
6394
6394
6395
6395
6395
6396
6396
6396
6398
6400
6401
6402
6403
6403
6404
6405
6405
6410
6411
6412
6413
6413
6414
6414
6415
6416
6417
6419
6420
6420
6420
6421
6423
6423
6426
6426
6426
6427
6427
6427
6428
6431
6432
6432
6434
6436
6436
6436
6437
6438
6438
6439
6440
6441
6442
6445
6446
6448
6448
6449
6449
6449
6450
6450
6451
6451
6453
6455
6456
6456
6457
6460
6461
6462
6463
6464
6464
6465
6466
6466
6467
6467
6468
6470
6470
6470
6471
6473
6474
6474
6476
6477
6478
6479
6479
6480
6483
6483
6483
6484
6485
6485
6486
6488
6490
6490
6491
6492
6493
6495
6495
6495
6496
6499
6500
6501
6502
6503
6505
6506
6506
6506
6507
6509
6511
6511
6512
6512
6513
6514
6516
6517
6518
6519
6519
6520
6522
6525
6526
6526
6527
6528
6528
6529
6530
6533
6534
6537
6537
6539
6539
6540
6542
6543
6544
6545
6546
6548
6548
6550
6550
6554
6555
6556
6558
6560
6563
6565
6565
6566
6570
6570
6571
6571
6572
6572
6578
6578
6578
6579
6580
6580
6581
6584
6584
6584
6587
6587
6587
6588
6588
6588
6589
6589
6589
6589
6590
6593
6594
6594
6595
6598
6598
6599
6599
6600
6600
6603
6604
6605
6607
6608
6608
6608
6609
6609
6610
6611
6611
6614
6616
6617
6620
6620
6622
6623
6623
6624
6624
6625
6627
6632
6633
6639
6639
6641
6641
6641
6643
6643
6645
6647
6648
6650
6651
6654
6655
6658
6659
6662
6663
6665
6666
6666
6666
6667
6667
6669
6670
6670
6670
6673
6673
6674
6674
6675
6675
6677
6677
6680
6681
6681
6681
6682
6682
6682
6682
6684
6684
6686
6688
6688
6691
6692
6695
6697
6698
6699
6701
6701
6702
6702
6702
6703
6704
6705
6709
6711
6711
6712
6713
6715
6715
6716
6716
6716
6718
6718
6719
6719
6720
6721
6721
6723
6723
6726
6727
6727
6729
6731
6732
6733
6734
6736
6736
6738
6739
6740
6741
6743
6744
6745
6745
6746
6747
6748
6748
6749
6753
6755
6758
6758
6759
6759
6760
6761
6762
6763
6765
6766
6767
6768
6769
6770
6770
6770
6770
6771
6774
6775
6775
6776
6777
6777
6778
6778
6781
6782
6782
6785
6785
6785
6787
6789
6791
6792
6792
6795
6796
6798
6799
6803
6805
6806
6808
6810
6811
6811
6812
6813
6815
6817
6818
6819
6819
6820
6820
6822
6823
6826
6829
6831
6831
6831
6831
6834
6835
6836
6837
6838
6838
6839
6839
6841
6841
6841
6842
6842
6848
6848
6848
6848
6848
6850
6852
6852
6853
6854
6854
6855
6856
6856
6860
6860
6860
6861
6861
6862
6863
6867
6868
6869
6870
6870
6871
6875
6875
6875
6875
6878
6879
6881
6881
6881
6882
6882
6883
6885
6886
6886
6887
6888
6888
6889
6890
6890
6892
6898
6898
6899
6899
6899
6902
6902
6903
6903
6903
6904
6905
6911
6911
6914
6915
6915
6916
6916
6917
6918
6920
6920
6920
6920
6921
6921
6922
6922
6923
6923
6923
6924
6924
6926
6927
6927
6927
6928
6928
6930
6930
6933
6933
6937
6938
6939
6941
6941
6942
6942
6943
6944
6945
6948
6948
6949
6949
6951
6955
6956
6959
6960
6961
6962
6963
6965
6965
6965
6966
6966
6967
6967
6968
6968
6970
6970
6970
6971
6973
6976
6977
6977
6977
6977
6980
6981
6982
6982
6986
6986
6986
6987
6988
6989
6990
6990
6991
6992
6993
6993
6995
6996
6997
7000
7001
7002
7003
7004
7005
7005
7006
7007
7007
7010
7011
7011
7012
7013
7013
7014
7015
7015
7016
7016
7019
7021
7021
7023
7023
7023
7027
7027
7029
7029
7031
7033
7033
7034
7035
7036
7036
7036
7037
7038
7039
7040
7041
7041
7042
7043
7043
7045
7047
7048
7048
7049
7050
7052
7053
7053
7053
7054
7054
7060
7062
7062
7062
7063
7063
7065
7065
7066
7067
7067
7068
7068
7072
7072
7073
7073
7073
7074
7076
7076
7081
7081
7082
7082
7084
7084
7086
7086
7086
7090
7092
7093
7093
7093
7094
7095
7096
7097
7097
7097
7098
7100
7102
7103
7103
7106
7106
7107
7107
7109
7109
7111
7111
7112
7112
7114
7114
7116
7117
7117
7117
7120
7120
7122
7125
7126
7126
7127
7128
7128
7129
7129
7130
7130
7131
7132
7132
7132
7133
7134
7135
7135
7136
7136
7137
7137
7138
7140
7141
7141
7145
7145
7146
7146
7146
7147
7149
7149
7150
7150
7150
7151
7155
7155
7156
7158
7159
7160
7162
7162
7163
7165
7167
7169
7170
7170
7175
7177
7178
7179
7179
7181
7182
7183
7184
7184
7184
7185
7186
7187
7188
7191
7191
7192
7192
7194
7195
7195
7195
7195
7196
7196
7197
7197
7197
7201
7201
7201
7202
7202
7202
7203
7203
7204
7204
7205
7205
7207
7208
7209
7209
7211
7213
7213
7214
7215
7216
7216
7216
7218
7218
7218
7220
7222
7225
7227
7228
7228
7229
7230
7230
7230
7231
7232
7233
7234
7236
7238
7239
7240
7241
7242
7242
7243
7244
7244
7245
7245
7246
7249
7250
7252
7254
7254
7256
7257
7257
7259
7259
7260
7264
7264
7266
7266
7267
7267
7267
7267
7267
7268
7268
7269
7269
7270
7270
7271
7272
7275
7275
7276
7279
7279
7282
7286
7289
7290
7290
7290
7292
7294
7296
7297
7298
7299
7299
7299
7299
7301
7303
7305
7306
7309
7310
7310
7313
7313
7313
7315
7317
7322
7322
7323
7325
7325
7326
7326
7326
7327
7328
7329
7329
7329
7333
7334
7334
7335
7340
7341
7341
7343
7343
7344
7346
7347
7349
7350
7354
7355
7357
7361
7362
7363
7364
7366
7367
7367
7367
7369
7370
7372
7375
7376
7377
7377
7377
7379
7381
7381
7382
7383
7387
7387
7391
7392
7396
7397
7397
7397
7397
7398
7398
7399
7402
7402
7403
7403
7404
7404
7408
7408
7410
7410
7411
7411
7414
7416
7417
7417
7421
7421
7421
7422
7424
7424
7424
7426
7427
7428
7429
7430
7431
7432
7432
7432
7435
7435
7435
7436
7437
7437
7437
7439
7439
7439
7440
7441
7442
7443
7444
7448
7449
7450
7456
7457
7458
7458
7459
7460
7462
7462
7463
7464
7464
7465
7465
7465
7466
7467
7467
7467
7467
7469
7470
7471
7479
7481
7485
7486
7487
7488
7488
7490
7491
7491
7491
7492
7492
7492
7493
7494
7495
7496
7497
7497
7497
7499
7500
7501
7501
7502
7506
7506
7506
7507
7509
7510
7511
7512
7512
7513
7517
7519
7519
7520
7521
7524
7525
7525
7525
7527
7527
7527
7528
7529
7529
7532
7532
7533
7533
7533
7534
7534
7534
7534
7534
7535
7535
7537
7537
7538
7541
7541
7541
7543
7543
7545
7547
7547
7548
7551
7551
7552
7553
7554
7557
7558
7558
7561
7561
7563
7563
7563
7564
7565
7566
7566
7567
7568
7568
7572
7573
7575
7576
7576
7577
7579
7580
7582
7582
7585
7588
7590
7591
7591
7592
7595
7596
7598
7598
7600
7600
7601
7602
7602
7602
7602
7603
7605
7605
7606
7607
7608
7608
7610
7611
7611
7612
7613
7614
7617
7618
7619
7621
7621
7623
7625
7626
7628
7629
7631
7632
7632
7633
7634
7635
7635
7637
7637
7639
7640
7640
7641
7641
7643
7644
7645
7648
7651
7654
7655
7655
7656
7657
7657
7658
7659
7660
7662
7664
7665
7665
7665
7667
7668
7668
7669
7669
7670
7670
7671
7673
7674
7678
7678
7679
7679
7680
7680
7681
7681
7682
7685
7685
7686
7687
7687
7688
7689
7690
7692
7692
7694
7696
7698
7699
7699
7700
7703
7703
7703
7704
7704
7706
7706
7711
7712
7713
7714
7714
7717
7718
7719
7721
7721
7722
7722
7722
7724
7724
7726
7726
7727
7728
7732
7733
7733
7737
7737
7738
7739
7743
7744
7744
7745
7746
7746
7748
7748
7750
7750
7754
7755
7755
7757
7758
7758
7758
7760
7766
7766
7770
7773
7773
7774
7775
7777
7777
7778
7780
7780
7782
7782
7782
7783
7783
7784
7784
7784
7785
7786
7788
7791
7792
7792
7792
7793
7796
7796
7797
7801
7802
7804
7805
7806
7807
7807
7808
7808
7809
7812
7812
7812
7813
7814
7815
7818
7819
7820
7821
7821
7823
7823
7824
7826
7827
7828
7828
7831
7832
7834
7834
7835
7836
7838
7839
7842
7842
7842
7843
7843
7845
7845
7845
7845
7846
7846
7847
7849
7850
7851
7851
7851
7852
7852
7853
7855
7856
7856
7856
7857
7857
7858
7859
7859
7859
7859
7861
7861
7862
7865
7867
7868
7869
7870
7872
7872
7872
7873
7873
7875
7876
7876
7878
7878
7880
7883
7883
7883
7885
7886
7886
7890
7890
7891
7893
7893
7893
7894
7895
7896
7896
7897
7898
7898
7899
7902
7903
7903
7904
7905
7907
7908
7908
7908
7912
7913
7913
7913
7918
7918
7919
7919
7920
7923
7923
7924
7925
7926
7926
7927
7930
7931
7931
7932
7935
7938
7939
7940
7942
7943
7943
7944
7944
7946
7948
7948
7950
7951
7951
7951
7952
7953
7953
7953
7953
7956
7957
7959
7961
7963
7965
7966
7967
7968
7968
7970
7970
7971
7971
7972
7973
7974
7975
7975
7977
7978
7978
7980
7981
7982
7982
7982
7982
7984
7985
7986
7986
7988
7989
7990
7990
7991
7994
7996
7997
7997
7997
7998
7998
8001
8002
8003
8006
8007
8007
8009
8015
8015
8017
8020
8021
8022
8024
8024
8025
8025
8027
8028
8028
8029
8031
8031
8033
8034
8034
8035
8035
8035
8036
8037
8037
8038
8038
8040
8040
8041
8041
8042
8044
8044
8045
8046
8047
8052
8052
8053
8053
8055
8055
8055
8055
8056
8059
8059
8060
8060
8061
8062
8067
8067
8068
8069
8071
8073
8073
8074
8074
8076
8076
8077
8080
8081
8082
8083
8085
8088
8089
8089
8091
8094
8095
8098
8098
8099
8100
8100
8102
8102
8102
8103
8105
8108
8108
8110
8110
8110
8111
8113
8114
8115
8115
8115
8119
8120
8120
8120
8122
8126
8127
8128
8129
8130
8133
8133
8134
8134
8135
8136
8137
8137
8138
8140
8140
8141
8143
8144
8146
8146
8150
8151
8152
8153
8154
8154
8155
8156
8158
8159
8159
8159
8159
8161
8163
8165
8166
8171
8171
8172
8172
8174
8174
8183
8186
8186
8188
8189
8192
8193
8194
8194
8195
8196
8198
8200
8201
8201
8203
8205
8206
8206
8208
8208
8208
8210
8210
8216
8217
8217
8217
8220
8220
8220
8220
8221
8222
8224
8225
8226
8226
8227
8228
8228
8228
8230
8230
8231
8231
8231
8232
8232
8233
8234
8235
8235
8238
8238
8239
8242
8243
8243
8244
8244
8246
8246
8247
8249
8250
8251
8251
8251
8253
8255
8256
8258
8259
8260
8261
8262
8262
8263
8265
8267
8268
8268
8269
8270
8271
8271
8273
8274
8275
8276
8276
8280
8285
8286
8286
8288
8288
8289
8291
8292
8293
8294
8294
8294
8296
8296
8296
8298
8298
8300
8300
8300
8303
8303
8303
8308
8308
8309
8309
8310
8310
8311
8312
8313
8313
8316
8317
8317
8319
8320
8320
8321
8322
8322
8322
8322
8325
8333
8335
8336
8339
8343
8343
8344
8345
8345
8346
8347
8348
8352
8353
8353
8354
8354
8354
8355
8359
8363
8365
8365
8367
8367
8368
8372
8372
8373
8376
8377
8377
8378
8381
8383
8385
8385
8386
8387
8390
8390
8390
8392
8392
8396
8396
8398
8400
8400
8401
8402
8406
8406
8406
8407
8409
8410
8416
8416
8421
8422
8423
8424
8425
8425
8428
8428
8429
8430
8430
8431
8432
8433
8440
8441
8441
8442
8445
8445
8446
8446
8448
8449
8449
8450
8456
8457
8457
8458
8458
8458
8458
8460
8460
8461
8468
8468
8469
8469
8469
8470
8471
8472
8476
8478
8480
8483
8485
8490
8490
8490
8490
8491
8491
8491
8491
8494
8495
8499
8500
8500
8503
8504
8505
8505
8505
8507
8507
8508
8508
8509
8510
8512
8515
8515
8516
8516
8516
8517
8519
8519
8520
8521
8523
8525
8525
8525
8526
8526
8527
8527
8528
8529
8529
8531
8535
8536
8537
8538
8541
8541
8541
8541
8543
8543
8544
8544
8546
8550
8551
8553
8554
8554
8554
8554
8557
8557
8557
8557
8559
8559
8559
8560
8562
8565
8565
8568
8571
8571
8573
8573
8576
8577
8577
8578
8578
8579
8581
8581
8582
8585
8586
8587
8588
8588
8589
8590
8590
8590
8591
8591
8591
8593
8595
8596
8596
8596
8598
8599
8599
8600
8602
8604
8605
8607
8610
8610
8610
8613
8613
8617
8618
8618
8619
8619
8619
8620
8622
8622
8622
8622
8623
8623
8624
8627
8628
8628
8631
8632
8633
8634
8635
8635
8635
8636
8636
8639
8640
8641
8642
8642
8642
8643
8643
8643
8644
8644
8646
8648
8648
8649
8650
8650
8651
8651
8652
8655
8656
8657
8658
8662
8662
8663
8663
8666
8669
8671
8671
8672
8672
8673
8673
8674
8675
8675
8676
8677
8678
8678
8678
8678
8679
8679
8680
8681
8681
8683
8683
8684
8685
8685
8688
8688
8688
8688
8688
8688
8689
8691
8694
8698
8699
8702
8703
8704
8704
8704
8706
8709
8709
8710
8710
8711
8714
8714
8718
8718
8719
8719
8719
8720
8721
8722
8724
8724
8724
8725
8728
8729
8729
8731
8731
8733
8733
8734
8734
8737
8737
8738
8738
8738
8738
8739
8739
8740
8742
8744
8744
8745
8746
8747
8748
8751
8752
8753
8754
8759
8759
8762
8763
8764
8765
8765
8765
8767
8769
8772
8773
8774
8775
8775
8776
8776
8777
8778
8779
8781
8782
8783
8783
8784
8787
8787
8787
8789
8789
8789
8790
8790
8790
8793
8795
8795
8796
8797
8797
8798
8800
8800
8805
8805
8805
8806
8806
8809
8810
8811
8812
8812
8814
8815
8816
8817
8817
8819
8820
8821
8821
8822
8822
8822
8824
8824
8826
8830
8830
8831
8833
8833
8834
8834
8837
8838
8838
8838
8839
8840
8841
8841
8842
8843
8845
8846
8847
8848
8849
8850
8851
8851
8851
8851
8852
8853
8854
8856
8856
8857
8859
8860
8860
8860
8862
8863
8863
8864
8865
8866
8868
8868
8868
8869
8869
8873
8880
8881
8882
8882
8882
8882
8884
8884
8885
8886
8886
8887
8887
8888
8888
8891
8895
8895
8896
8897
8898
8899
8899
8900
8900
8900
8902
8905
8905
8915
8915
8918
8920
8920
8921
8925
8925
8926
8926
8926
8926
8927
8928
8929
8929
8929
8929
8930
8932
8935
8937
8937
8938
8939
8939
8940
8941
8942
8942
8943
8943
8943
8945
8946
8947
8947
8951
8952
8952
8952
8953
8954
8955
8956
8957
8957
8958
8958
8959
8961
8963
8966
8969
8973
8974
8977
8978
8980
8981
8983
8983
8984
8985
8986
8987
8988
8988
8988
8992
8993
8994
8995
8997
8997
9002
9003
9005
9007
9009
9009
9010
9012
9012
9014
9014
9014
9017
9018
9018
9020
9020
9020
9021
9022
9024
9024
9024
9026
9026
9026
9026
9032
9034
9035
9036
9037
9039
9039
9040
9040
9041
9041
9041
9042
9042
9043
9044
9048
9049
9050
9051
9052
9052
9053
9054
9055
9056
9057
9057
9059
9060
9062
9062
9063
9063
9063
9063
9064
9064
9065
9065
9066
9069
9071
9071
9071
9073
9073
9073
9076
9076
9080
9080
9085
9085
9086
9086
9086
9087
9087
9087
9087
9089
9090
9091
9094
9094
9095
9096
9097
9097
9097
9098
9099
9100
9101
9101
9101
9102
9103
9105
9106
9107
9107
9107
9107
9107
9108
9110
9110
9114
9116
9116
9117
9117
9118
9119
9122
9122
9122
9122
9122
9122
9123
9123
9124
9124
9124
9125
9125
9126
9127
9127
9128
9128
9129
9130
9133
9135
9136
9136
9138
9139
9141
9143
9143
9144
9145
9146
9147
9148
9149
9153
9153
9154
9156
9156
9157
9157
9158
9158
9162
9164
9168
9170
9171
9171
9172
9174
9175
9175
9177
9177
9177
9178
9178
9179
9179
9180
9180
9180
9181
9182
9183
9183
9183
9183
9184
9184
9185
9186
9186
9187
9189
9191
9192
9192
9193
9194
9194
9195
9197
9198
9201
9205
9206
9206
9206
9206
9207
9207
9207
9210
9210
9212
9212
9213
9213
9214
9214
9214
9215
9215
9216
9216
9216
9216
9218
9220
9220
9220
9220
9223
9224
9224
9224
9224
9226
9227
9228
9228
9230
9230
9231
9232
9232
9233
9235
9238
9242
9244
9244
9244
9244
9245
9245
9249
9249
9251
9251
9252
9253
9254
9256
9257
9258
9260
9260
9260
9262
9262
9265
9266
9267
9268
9268
9269
9272
9273
9273
9274
9275
9276
9276
9277
9279
9281
9281
9282
9282
9283
9285
9288
9288
9290
9291
9294
9295
9296
9297
9297
9299
9299
9301
9302
9304
9304
9306
9307
9308
9308
9312
9315
9315
9321
9322
9322
9323
9323
9324
9325
9326
9329
9331
9331
9332
9332
9333
9334
9334
9335
9335
9336
9338
9338
9338
9339
9339
9339
9340
9341
9341
9342
9342
9342
9345
9349
9349
9350
9351
9352
9352
9354
9354
9355
9358
9359
9360
9360
9362
9363
9364
9366
9366
9368
9369
9369
9370
9370
9370
9371
9371
9374
9374
9376
9378
9380
9380
9381
9382
9383
9383
9384
9384
9386
9386
9387
9388
9388
9389
9390
9390
9391
9393
9393
9393
9393
9394
9394
9394
9397
9397
9398
9398
9398
9403
9405
9405
9407
9408
9410
9411
9411
9414
9419
9421
9421
9423
9425
9425
9425
9426
9429
9430
9430
9431
9432
9433
9433
9433
9434
9435
9435
9435
9437
9438
9441
9441
9441
9443
9446
9448
9453
9454
9456
9459
9461
9462
9463
9464
9470
9470
9470
9470
9477
9478
9479
9479
9479
9480
9480
9482
9482
9483
9483
9484
9485
9486
9487
9487
9489
9490
9490
9493
9495
9499
9501
9503
9504
9506
9507
9509
9510
9511
9512
9512
9513
9513
9514
9516
9518
9520
9521
9523
9524
9526
9527
9528
9529
9530
9531
9533
9536
9536
9537
9537
9538
9540
9543
9543
9544
9548
9548
9549
9550
9550
9552
9552
9553
9554
9555
9555
9555
9556
9556
9556
9556
9558
9559
9560
9560
9561
9563
9565
9565
9572
9572
9576
9577
9579
9580
9580
9581
9582
9582
9583
9589
9589
9589
9590
9590
9592
9593
9594
9595
9596
9597
9598
9598
9600
9601
9603
9603
9606
9607
9608
9608
9611
9612
9613
9614
9614
9615
9616
9616
9620
9621
9627
9630
9631
9631
9638
9638
9638
9639
9639
9640
9640
9640
9642
9642
9642
9643
9644
9645
9648
9649
9651
9653
9653
9653
9655
9656
9656
9656
9658
9660
9660
9660
9663
9664
9664
9666
9666
9667
9669
9670
9671
9671
9672
9672
9673
9673
9674
9676
9678
9679
9681
9681
9682
9683
9684
9685
9685
9686
9687
9687
9689
9689
9690
9691
9695
9695
9697
9698
9700
9703
9703
9704
9706
9709
9714
9714
9715
9719
9720
9721
9722
9724
9724
9724
9725
9729
9731
9733
9733
9736
9738
9742
9743
9743
9745
9746
9746
9747
9749
9753
9755
9756
9758
9759
9760
9761
9761
9764
9764
9766
9769
9771
9772
9773
9778
9778
9780
9780
9781
9782
9783
9785
9785
9785
9786
9786
9786
9789
9792
9795
9797
9797
9799
9799
9802
9802
9802
9803
9804
9804
9804
9804
9804
9805
9805
9808
9809
9810
9812
9815
9816
9816
9818
9819
9821
9821
9823
9823
9825
9825
9826
9832
9834
9834
9838
9838
9841
9843
9845
9847
9848
9849
9850
9851
9852
9853
9854
9857
9857
9858
9858
9858
9862
9865
9866
9867
9868
9870
9873
9874
9874
9874
9878
9879
9880
9881
9883
9883
9883
9885
9886
9887
9889
9890
9890
9891
9894
9895
9895
9896
9899
9900
9900
9901
9901
9902
9905
9907
9908
9908
9909
9909
9910
9910
9911
9911
9911
9912
9913
9914
9915
9918
9919
9921
9925
9926
9929
9930
9931
9931
9932
9932
9934
9934
9937
9939
9939
9940
9940
9940
9941
9942
9942
9943
9943
9944
9944
9944
9946
9947
9948
9949
9949
9950
9952
9955
9956
9957
9957
9958
9958
9960
9961
9963
9964
9965
9966
9966
9966
9967
9967
9967
9968
9969
9970
9971
9972
9974
9974
9976
9976
9977
9978
9979
9979
9980
9982
9982
9983
9983
9987
9999
9999
10000
