5830
8512
8309
3392
5390
5182
537
2121
6339
574
3909
978
2744
8102
5592
1582
3768
4389
4660
1760
3984
5803
1942
1567
7276
3637
8347
1586
8826
1173
5216
3376
1010
3268
8815
4791
96
8895
7640
457
2706
1780
5474
2237
7893
6151
7382
1916
1692
7183
5008
699
8677
5962
5369
1175
5268
3643
6307
6331
9338
7796
1113
3612
4259
110
2064
4999
4480
4616
3902
8528
2050
8984
2967
3951
2495
6156
6812
2210
7275
4624
1956
2039
1693
7990
8854
214
3157
4690
5543
9582
7329
8103
5472
8206
9041
2370
5614
601
6977
7986
5062
1782
2391
8671
7886
7053
1935
5689
422
1036
635
7313
6368
6493
6319
5751
693
924
7529
6916
5537
2786
9410
8745
3773
609
9364
679
225
6441
7426
6627
7506
3076
1646
160
3228
3505
2996
3240
2634
5022
7968
8679
4434
1328
10000
7859
1539
1247
8280
8822
39
1182
6359
2819
9383
9976
5313
5739
5401
3915
8122
1844
1679
9908
7222
75
729
3524
3210
6516
5758
2022
4953
2223
7259
9308
4349
3844
5459
1000
1383
8974
1537
2736
5878
934
5256
9041
4756
2141
434
9915
8286
6927
1445
4415
5362
8930
8100
6650
3219
7967
8926
3477
4408
2571
8507
4215
6202
5218
576
173
7828
6010
8490
7496
2601
6325
4997
9005
8868
3488
2302
7885
4071
1610
252
1672
93
4540
76
2382
8882
964
1918
6525
1399
1654
9521
3625
1024
5474
8433
3396
206
6928
3621
5476
853
8029
1801
7417
4902
2802
5008
9529
8557
7612
2201
8632
1518
7557
4608
6778
224
860
9639
183
4305
1469
1438
3373
6745
9024
157
7177
601
1557
5632
6008
6360
7711
6748
1995
7893
4881
1295
4810
1751
333
980
1355
285
6992
6673
6915
4200
2221
6578
8108
344
669
5843
3078
8217
5024
4764
8194
8227
2564
7485
3919
7301
75
6035
7867
3418
2881
2643
245
7826
7158
5401
4373
7588
6396
1691
896
219
3300
5112
1363
8987
6920
4113
624
1694
6318
3623
5001
4549
5444
5353
589
8789
5216
5451
9268
5898
30
6506
5080
6174
9153
9390
8560
695
3212
9354
7852
6329
9857
2735
8421
1306
9010
831
7680
1416
492
3221
9090
1582
8526
2440
127
97
737
4197
6138
7533
7919
4600
642
2059
2130
4761
2198
1892
2184
847
5164
3030
5809
2064
2390
3395
8562
2088
1408
260
3291
2402
8300
2942
5736
5157
5961
2957
7931
8303
7525
1070
8201
147
993
1498
5589
151
6506
7836
3657
6101
4011
520
9821
5302
8262
7421
31
9943
5529
8027
732
3423
6167
7266
3834
4183
7014
7737
7299
1677
7122
5332
8133
2341
1213
3610
1006
377
1814
4668
8040
1013
6590
7628
7002
832
1194
6095
7943
719
2018
4213
9753
2601
8110
6495
2412
8932
5994
21
1328
588
1556
9686
2270
1876
2938
8268
3546
4318
3092
7370
4107
8516
593
8407
4447
5570
6518
5442
7946
9484
6641
772
6506
4137
1418
5887
1130
4791
3874
9565
8953
1950
9332
6811
9065
5419
534
8446
3117
1497
8249
4236
699
1980
5799
1073
167
8136
8675
2030
229
2800
3422
5528
6361
2883
3556
4007
775
1415
5410
282
2794
2270
3594
9932
8738
1139
449
7875
3311
6563
1538
8576
9490
1813
1947
3535
6923
5685
9516
8505
3346
442
4645
4291
6667
513
9394
7203
6674
7196
3622
1313
217
3171
4896
2818
5403
4239
9098
8918
9704
983
5680
5304
515
4392
2567
2337
3920
4312
5528
5291
8678
9214
9148
1505
8456
6589
5677
7898
8041
6495
5315
427
5037
1399
1194
5317
480
7595
6681
863
8787
2409
6977
4351
1115
360
7743
4774
9583
4175
3376
6127
3206
1892
4025
6838
1978
8554
6558
9060
8633
709
8319
7857
7521
6051
2324
7821
984
1116
2718
8228
4566
2549
7432
1723
4226
805
3050
1246
8783
8845
4360
8059
3982
2755
163
8591
9463
676
6361
6968
7804
4440
5959
7994
9914
9642
5528
4031
6763
688
3931
1393
4730
9294
5394
1209
1146
6610
2327
140
5611
5952
4427
8680
885
9290
1177
286
4057
642
8521
1213
502
3792
878
2161
911
8744
982
8198
496
9223
9122
8729
8947
1824
4914
8200
7714
1863
1493
1242
6135
9306
4161
1659
9398
1542
9999
6848
6423
5723
6645
1931
1749
6371
8449
6903
5661
578
2446
5114
463
7313
2588
7240
572
2740
9156
7576
892
2159
902
6796
108
6778
1554
5682
594
4473
583
126
903
8312
6216
7039
4923
5757
596
1867
1288
4725
2145
5650
2245
8110
9653
9153
2176
2523
8688
3057
4950
7357
1286
7680
3737
2415
4771
1037
2855
5605
9621
7194
8294
5921
5654
6059
3474
7029
7506
7456
1370
8643
5886
1221
5316
5209
9423
2564
8308
2951
1484
4438
2516
7758
5049
7229
732
4328
8322
268
2924
2900
3111
3760
1368
1181
5255
764
6448
9536
386
9940
1464
9383
7942
3791
920
3710
2035
6322
9967
4745
2928
9295
6290
694
9441
1237
8495
1274
2416
4755
375
8591
5322
5223
2117
1846
7191
7299
193
3065
7001
3575
8046
1882
6168
1395
6963
2975
3117
7908
4603
5450
277
2984
7329
2239
7205
1366
5344
1601
3614
9193
7617
3644
1538
3913
6216
784
6570
8529
2187
7204
5075
1254
2337
6196
4119
9853
356
5578
4851
1732
4412
497
959
9706
3998
4433
2111
1738
2640
9838
6938
3287
9889
529
2542
1851
1319
457
379
4452
9974
1982
1655
5563
2012
7497
7228
8293
1903
8355
441
4665
9745
4908
1518
6966
256
821
1716
1696
7132
9039
994
5590
5264
4926
1199
7988
7063
6740
3008
4559
1164
4459
2045
8778
6721
550
5570
1919
2477
6882
8590
4972
1225
7116
1429
7290
5664
9216
9073
921
315
8442
7326
2430
4649
2305
3104
2672
1237
2331
6257
2703
7264
4904
5338
7341
4273
3535
9388
6483
3016
5471
4548
614
4872
2380
4812
9279
9845
7870
1020
2615
5664
9638
2114
8980
76
5820
7639
8711
9145
7815
3798
2230
1549
614
6123
4620
5514
1454
805
2751
5589
9939
1830
9244
9738
1079
425
7607
8024
4833
8188
5847
4810
6571
6185
2658
2588
1182
2445
5839
2533
8896
6713
852
5661
9334
2774
6445
6684
4430
9349
3095
9565
2069
2208
2678
269
7007
1672
1966
1021
8600
6699
2141
4127
1073
7770
9731
2647
4548
8957
718
6842
6395
3489
1299
6836
8599
7457
40
8765
6001
1954
432
9911
5153
9536
9664
8425
780
6595
889
6961
4695
9230
2720
1972
4563
6977
7005
2491
3574
6861
4178
2249
3491
20
6848
9616
9158
7831
2327
1953
3762
7432
2698
1661
6745
2102
8636
9843
5373
8938
7926
2330
1848
3951
7437
7621
9110
9614
4599
2717
183
2401
9503
8154
1246
4076
6848
9666
3256
8108
4387
135
5961
4763
2194
981
7608
3048
2198
6617
4406
3261
2699
6448
8591
5590
1368
5093
6372
5072
5943
6758
9509
4552
4138
2105
3076
833
6727
2723
1880
7997
9761
4703
3198
7573
7950
8571
6
1002
2646
8348
6620
5358
907
1465
8363
7128
989
9331
8658
5678
2247
878
8183
8839
2463
1932
7519
2874
4161
1825
7517
990
3388
2440
1193
4126
6122
6257
4942
94
6436
2791
347
4602
6033
9603
9931
7043
7998
2784
5099
1165
8035
4174
7106
1813
5782
9146
8228
7424
5671
3904
1389
1610
5430
405
3553
93
7890
3171
448
9296
9721
2451
1802
6067
2101
1441
6976
5897
2726
1590
8244
5909
3900
1341
385
1047
2328
8943
1214
6347
1084
5956
694
8165
1920
6578
3470
8554
4975
6808
2237
4783
8344
6279
9556
1175
6450
3161
5740
6981
2433
5571
7465
3394
989
9907
6395
9612
27
4029
373
1681
5248
2284
2423
1691
6875
916
9260
1696
5176
1961
8581
9283
9550
2441
2825
4284
2492
5481
5672
4608
2368
4822
16
2809
8224
7465
2246
7128
3734
799
4718
7341
4611
8317
1247
9780
5713
2596
9885
7410
6838
4556
2664
6546
273
2791
422
4393
4186
7479
4958
9648
3648
7596
1039
5217
604
2737
1023
1477
2467
2095
5619
4644
640
6785
8869
1047
779
4475
1132
2699
1614
7819
2998
4115
7145
6691
3509
5142
507
6598
3285
8461
9847
4125
8031
3559
9206
6222
2841
7093
4936
5505
9563
9553
8115
1546
2961
7897
4113
4158
9443
1971
8943
3339
5774
2257
956
4423
3900
7579
4799
2055
1844
1199
8702
3855
8074
6476
7355
2305
1022
8377
6782
6770
5393
5436
7886
3765
8231
5462
4682
171
3605
7042
7097
7
4210
562
6666
8251
2996
4626
5424
9722
562
6273
409
2684
8905
8957
9983
8208
3155
1809
7808
1908
2602
3065
8588
7435
9825
5429
8381
1312
7533
1601
2136
5080
7501
6878
7216
6887
2849
2144
1289
9
5339
8646
6566
8491
3375
6160
9802
5688
38
6603
273
7859
272
7859
4930
4913
4394
508
5268
9009
7492
5042
3429
8642
3575
4545
8656
8261
5103
5105
4611
8926
3575
6010
8458
2836
3929
652
70
7632
9499
8525
603
774
8134
7107
9405
5858
2856
4437
5097
4958
7633
340
3652
849
1867
8988
7784
2278
9282
8650
6449
5313
9703
5379
4301
2027
6426
4112
124
9759
2572
1596
2150
8790
9980
1037
576
1057
4865
9207
76
7313
4460
640
6032
2984
6074
5595
7272
7006
1738
2563
2876
3609
3069
9256
9242
529
781
6681
2607
7853
7326
869
2431
3721
3013
1756
7558
8602
6047
7835
8286
671
2365
2023
7103
8102
337
6311
2247
3544
7766
4035
3279
1085
8345
1171
8115
314
7565
9321
5181
6064
5036
2413
6949
9370
9561
6010
7
2178
765
7129
3027
6087
8091
9684
3947
3148
5831
4102
7529
8390
3955
2133
352
5081
644
5680
9925
2569
2460
1456
1580
5844
1242
3327
7076
8747
1536
714
3658
5544
3179
2154
1765
6589
736
3456
6956
5141
9700
2958
9338
2779
309
6096
102
1296
3819
3887
597
9405
745
1627
4384
9773
4696
4494
3879
5789
8739
4665
2025
3579
2362
1764
4423
4423
50
581
7067
1162
590
2365
6350
9934
3660
9802
6318
8268
8754
2395
8523
7673
3874
5777
5656
2200
1175
5058
881
4704
3323
6826
7462
5707
2713
5837
9558
5521
8135
1236
4058
6658
3122
1125
1407
1226
4248
9007
1624
4596
9537
8830
7956
7913
1834
7257
9063
6903
5198
2423
3005
7856
5326
5275
4576
2473
779
9747
949
558
3919
9183
9961
7141
8947
772
1513
2776
1907
5169
6434
4482
1761
1838
3906
5408
3553
4059
8821
3897
4491
7782
4866
2355
7141
3789
6815
4496
1197
5416
1011
1132
5273
3877
5643
3723
2922
2156
8895
2684
1590
3328
1698
2191
2522
3859
15
6363
4786
8817
6926
2621
3809
3348
8009
1761
6280
2494
933
2458
6285
5798
7381
3584
4129
9425
2522
7582
1409
1623
7178
9970
604
6988
4450
3119
7651
5590
9620
8963
9172
4334
4212
1525
3883
5128
904
3319
5374
4451
4237
8171
9858
9335
1855
705
303
9037
5324
1023
2270
6543
9681
5632
9671
6001
2264
9964
8951
8752
217
3369
2703
2530
9299
5713
6942
1854
8955
1783
2176
4596
1809
7982
7236
8259
400
4504
5967
8863
6556
8128
9339
5307
3885
2651
804
7625
8793
1020
5256
8853
4532
3433
3729
8255
1347
2062
1189
4345
4487
5594
6791
5273
340
9370
2476
1357
4202
670
6703
6930
7566
6867
7953
98
6967
4928
4967
2054
9940
1886
5846
6898
1153
2219
6775
1004
5598
1343
9095
3382
9524
9642
7209
6234
6006
9878
1136
146
3079
2407
9393
4200
4719
2513
7714
4122
265
8343
9944
5831
3212
4818
9795
444
9425
9244
4899
9384
598
8865
1866
9065
249
8033
3775
6338
9352
9883
278
9930
6545
1073
7096
7982
3219
8706
1433
3314
341
756
3109
8431
6665
3842
9384
8073
1794
1528
102
7699
2679
5532
6682
6987
2544
9616
1954
150
5940
2594
7404
7036
3805
2769
2458
5756
6052
9147
658
8457
2390
3713
782
1208
6134
8587
5632
1093
5932
1491
1211
9370
1481
3378
4988
6533
9214
1397
5094
4109
7410
6820
7048
1581
995
2814
3251
2408
2279
7611
3970
7534
1301
7975
576
5688
3529
7038
6589
136
6436
9057
2171
5221
2722
6210
6968
8110
4464
658
6135
6530
3179
6965
5247
9179
5648
210
9597
232
5977
8997
5918
7846
8891
6283
755
2507
1307
7254
749
6855
2069
598
2046
6248
9899
8961
8777
382
7722
71
3133
8666
8744
4735
4010
1991
518
5940
2265
632
2830
5507
7027
4954
3904
2297
4702
5238
8002
122
871
5630
4051
1709
551
2558
7054
9398
835
5807
9816
9816
4797
880
141
201
4082
444
2526
202
1620
5185
3535
7706
4852
5443
7543
7191
918
2095
7160
9366
1217
2928
2235
1664
1462
4433
7073
5353
2305
5097
4030
3759
6659
6473
6726
3503
7712
456
2755
6881
5908
5637
4868
6228
7392
9685
2410
3053
7497
404
8406
4302
2020
7944
4463
4484
1964
9556
619
259
1080
2754
7812
512
4899
7856
1158
373
8650
2792
1980
1838
2964
81
1383
4538
2440
782
8036
6723
3177
5958
7439
7084
7783
3661
7211
639
1603
4723
1670
382
3795
4305
5539
2371
8056
7611
1115
2147
6616
2653
671
153
1274
9550
6478
1699
998
6686
878
8721
6293
5365
4976
2695
6211
1322
3881
1522
9512
2434
1980
4818
8585
3536
8516
8085
9783
2963
5882
7459
69
90
695
6120
4442
2476
1327
9608
2806
9782
2618
1548
5822
6464
7808
1718
9281
1489
3101
1563
8235
1533
7678
1024
2320
8022
4976
1143
6091
8543
9758
3308
7268
7880
6378
7717
2898
3646
7655
2992
4634
7303
805
8628
335
677
6037
7568
7704
4688
4895
584
7146
1037
1610
1001
613
829
5610
3195
875
857
5880
9526
1377
2591
8973
2138
7722
6307
3258
2177
3695
9212
978
3657
6287
9598
7545
961
3694
7997
6216
5917
6266
133
8233
7873
573
4347
9743
8927
384
9351
2407
8774
5364
9050
1133
1323
7876
55
6483
7558
4234
9260
1778
1253
2487
4989
9057
3745
5438
9520
945
5813
7971
7120
5308
4830
814
6455
9157
8416
1518
2576
6335
3786
929
5870
7970
8133
6384
1893
8983
5125
6467
2223
5364
2484
2863
491
9548
594
2622
8383
2659
505
6990
7703
5617
665
5922
6059
2564
6485
5234
6496
2441
5656
2983
2692
1521
7404
2447
1759
2958
939
2113
1137
2528
3162
6465
4388
2360
3491
6438
4738
1859
2204
5940
7758
8017
1471
1983
3088
2839
4407
5905
7244
8814
8310
6231
179
7989
3192
4860
8704
1157
2185
8866
8354
5464
2786
222
5131
3093
2779
1283
4230
5977
4043
9789
2274
7437
7233
1057
1259
5315
5435
258
2826
4086
5742
5820
17
6034
8769
4767
9182
5166
3354
8679
3426
7114
2832
7894
3051
3418
4397
1349
4588
6608
3900
1390
9177
3828
9709
2236
9785
9487
6507
4612
8662
5733
309
1167
9389
5716
8322
1200
4292
1587
1766
2250
754
9056
1229
3887
5885
8316
4355
4040
740
5039
6101
8719
8265
3211
4549
7820
7195
1778
3777
1460
2040
3481
4437
423
4791
6785
3553
8310
5303
3101
343
6247
4705
9797
2356
7727
6009
3316
8729
5493
2462
2251
1425
6572
6746
4922
4709
1605
4750
2778
2612
4597
3190
5896
617
3243
8220
8688
2612
2602
2596
2931
7602
1601
6197
7535
2572
1295
8738
7259
1955
3347
9495
625
9866
396
6470
8840
5973
8899
262
8298
362
3990
6982
2090
5236
5252
2691
2267
4569
5701
2252
7613
2126
7986
9937
7398
7449
4356
2966
9527
4073
9511
8134
4998
3393
6290
3927
5390
2490
3738
7041
5545
824
6436
7397
7250
6449
6345
7778
826
1535
7117
6701
4228
5334
1043
3361
1442
6247
3500
6057
2817
2420
3568
5695
7135
7669
1644
5778
8311
5714
8900
2181
5893
8720
6614
1351
8816
3542
2385
5780
1829
8247
5947
1306
5932
4242
3449
463
8652
7439
8731
1718
371
9934
430
4994
201
329
7266
3326
4648
8221
5898
9332
8703
9040
4322
7641
5832
8635
7977
5551
2434
6949
9175
544
900
8698
8320
9020
2173
4245
2408
3829
1507
5147
2685
8159
9819
5464
9080
2516
4760
7129
513
2109
6438
4936
1716
5229
5122
1145
1988
4205
3964
9103
8905
1828
6144
1381
8571
6777
378
804
6480
6440
6087
6663
4424
52
5775
6376
5365
1168
9552
683
1734
3445
2315
9832
8833
4959
9589
8860
9262
2643
196
7090
9593
4446
9224
3336
4792
3559
3035
3236
6309
9950
1754
1445
6770
2087
311
2819
6759
2804
471
7196
5580
4532
8186
2541
5300
7843
7149
5157
6139
27
783
801
3582
5094
8244
144
137
4691
6841
6875
4083
4927
2229
997
1285
6702
9838
6528
1778
58
2280
5045
1276
4820
5594
6624
4160
4006
7323
720
7703
9307
8888
3814
5568
2343
4620
5748
8203
9281
5422
3504
2639
4876
4543
3479
3802
1827
2158
2921
4063
206
285
3740
2318
314
246
7621
5279
9275
1886
7363
533
8926
781
8920
2601
467
3080
6924
6850
4697
2095
4126
1639
6885
6271
8822
1655
1949
3067
4929
9607
3458
1397
90
8172
2513
3074
1991
3645
3055
1452
1432
7187
3881
5192
5361
2384
7322
6131
8812
9913
9336
7111
6190
6923
3740
8300
5321
913
9815
6993
869
2285
1902
2014
3739
9805
9470
6405
941
4892
3221
9947
405
4484
7431
540
1593
2206
6461
5121
8322
5493
5375
4876
9127
8392
7343
2063
1341
856
9189
8055
9338
5569
6738
4610
5456
6922
1964
6731
9360
1481
3995
6309
9062
7984
3855
2177
8055
5
3317
9178
9024
7665
3258
2261
1579
3831
2528
2304
6371
7792
7632
67
9850
807
395
499
3314
3494
98
3002
1352
9288
2530
8321
542
6451
8458
4085
1633
7783
7966
742
9026
2003
4450
7533
3115
1675
3243
4312
7205
4002
8194
1006
3898
2
6122
3247
5455
3938
2231
1098
5770
8246
5098
1544
822
8449
332
8235
2900
3716
651
2801
2031
2821
1439
1415
809
7184
6372
6688
702
8800
479
8544
9431
6451
101
5260
3911
2462
7745
1060
2383
4468
900
383
5944
2982
6831
7997
9940
2809
730
1648
4577
3168
502
6034
2659
3499
5144
1341
7619
9178
2354
1748
3605
6862
8689
9489
2489
9251
1517
2623
179
895
1018
1491
7547
6088
3565
3668
1752
713
3261
9658
1564
359
6176
5969
1403
6121
8491
729
479
9157
9942
4910
5564
5832
7349
2195
8888
7694
7744
9687
2887
5584
3940
363
104
2539
2699
769
9324
2673
9649
1451
5195
7685
4021
9966
6235
1196
4457
3385
5703
1497
5917
6486
5367
2014
6191
7424
5344
977
6115
1370
2395
7242
29
8568
3685
7552
1893
7927
85
1813
4232
8789
3269
7170
622
6463
2793
4463
4020
91
7010
461
1217
9094
584
243
8258
5294
2455
5498
108
2665
8098
1401
2585
7163
8428
1669
5360
1751
686
851
464
148
6419
2342
822
8062
5937
4013
4506
8767
956
9048
7802
5046
6943
9414
8471
9235
6420
1914
1463
1020
5843
4243
6785
1575
68
345
2805
5784
9755
8683
4735
2851
3641
8231
1548
4292
9736
1351
8943
4051
2458
3461
5890
3582
4912
1832
6391
456
735
4096
5706
6341
5162
4305
2445
2246
9939
6068
490
4964
6839
5497
8074
3057
8469
3074
4161
9908
4713
4811
6704
2191
3735
6942
9490
3635
6945
9397
8988
9012
4501
177
9386
4402
7566
2476
6792
5696
3911
2825
169
3925
6233
4901
621
6415
5563
4904
2106
2764
6135
605
2863
2742
5369
4227
6396
5537
6412
1890
3400
7202
5174
2562
4548
1732
6548
297
4454
1753
4512
7813
7387
4227
8681
87
5457
175
6886
9433
9852
1471
7424
7306
4372
7513
775
500
9900
2078
5901
8684
3114
6170
4754
1329
2555
7963
6520
8899
4705
2497
6045
5260
8709
9890
1376
2136
3063
9374
5529
2167
4596
3273
9512
4131
60
2678
3435
740
7081
2976
2741
9799
82
3135
9130
6354
7501
7948
6639
4528
1458
7145
3937
2600
1727
3564
6259
7246
272
2352
1886
4587
2856
5104
7016
7125
8926
2200
5194
367
3278
9349
7951
7610
7074
7567
8728
3485
2794
6235
2512
1321
8798
7162
920
1536
2292
361
3423
3968
2381
766
9186
6911
2171
3596
3769
216
4608
5051
5201
4601
382
4768
1761
9615
8089
7775
9576
73
4577
8772
3433
3000
2684
7327
853
9743
43
9556
3239
5978
1032
6817
6249
855
47
6775
5584
5220
920
1812
964
9100
5781
2504
856
5661
708
5380
3295
9441
2777
8432
6204
3938
3723
5727
2133
6394
2879
114
4230
2065
5276
6016
263
4113
8837
7893
1958
6301
8021
844
5593
3791
7883
4459
3896
720
8217
7021
7107
6413
3878
548
1313
862
2685
6526
1519
2170
8015
697
2432
6143
7100
7185
2955
8642
3622
8834
8841
9982
4534
6584
6734
7340
1652
7755
5995
409
3007
8174
5534
7315
7092
1851
2933
2855
7754
6139
1368
6485
9868
1363
2034
7242
2069
4162
4410
5136
3274
6705
9689
670
2667
8485
394
7146
7548
916
1478
4407
4882
4863
8699
4446
5418
4296
2747
6882
3454
5352
1340
4726
4936
1865
1973
6748
6986
5157
7547
262
7689
7249
8882
2363
326
4839
944
2114
7050
7690
1126
8573
3813
6421
2317
7137
5647
5706
3359
9501
14
7201
2222
6548
5215
6118
3162
3931
9464
627
8120
7722
5019
1428
2776
5234
4532
4486
59
2648
8195
7688
7696
2822
8884
7201
4942
5160
2826
1890
2118
679
2305
3563
9340
341
3721
3259
7439
415
2819
7112
4713
1653
4444
1606
1418
754
2473
4046
2245
2361
1746
5750
393
489
9350
5920
7957
2555
3029
7294
7292
7215
7073
4095
6381
469
26
3826
8618
5711
5012
1688
1509
3231
1695
2604
9595
1044
5983
1745
370
1897
2258
876
4880
4494
9107
787
2814
4863
586
8819
4660
1021
5704
1768
5394
5563
9197
5285
6965
6152
5876
4751
8288
9601
762
640
8546
3342
1534
8060
7372
5108
3604
1762
1557
5643
9459
1614
2091
3598
9149
295
3686
7427
5288
5624
203
5754
4555
2029
7491
1486
2654
2766
9369
9408
8367
1627
3194
2773
3006
9543
6254
110
6854
4029
1749
4331
9114
8759
2907
1776
5095
9720
7519
5822
6495
9725
8526
1617
8746
8144
6127
3816
5521
4454
196
38
6075
3936
3211
1284
1684
6056
3913
3762
2397
7463
5995
1605
5894
360
6269
3915
8593
7543
6819
3478
5697
6970
8143
3524
9905
4645
8020
4836
8238
2902
6286
377
5421
1805
1950
8710
732
773
9020
1653
1649
8779
2342
863
556
7869
4961
7739
833
2849
5930
5554
8377
8042
4140
5053
4429
6711
3060
9651
264
686
1510
2519
7256
7462
7511
2766
3484
4650
1370
8115
4283
7147
4231
7861
5734
8809
2891
8006
4035
2714
5647
2326
189
6933
8263
4048
797
1977
2060
192
2938
4752
4285
8354
2394
4532
1677
3526
5149
4717
830
1742
994
3140
5375
6236
1466
1251
4039
5443
1434
79
1509
896
1431
3712
1261
4328
1925
6716
576
9043
2236
7062
6916
212
6500
3568
9921
6181
8345
8550
97
1574
6270
7023
408
4747
5201
3815
743
2282
4533
3111
9978
9018
9804
3464
7780
8448
8339
5183
7851
8372
7073
122
6248
226
5202
7585
7985
8276
5858
7036
232
9213
88
8751
417
1742
9026
8428
2647
6727
1381
6902
2256
2323
4885
7347
9764
5993
531
3036
2341
8234
2710
8047
7486
5436
7918
8225
9771
2477
9590
8842
2361
3933
8985
2444
6759
6218
9670
7561
4991
4011
8291
708
471
6040
6427
2597
7524
6993
2781
93
4483
3804
7346
4435
5905
8210
7852
5123
3923
2100
1610
1477
7682
2046
7750
6388
6185
6762
1266
9766
8613
9812
7068
716
7023
7748
8821
1466
8672
5742
3159
8635
8401
9849
1052
4491
7908
1358
6470
3781
2773
49
1396
232
2985
5834
2201
4089
188
2610
2596
1371
4418
6839
1601
40
2466
8441
1099
9518
1946
8040
5229
5101
7430
4542
4076
1200
1668
9195
6260
4924
3397
1584
7537
3705
6194
1843
1943
452
9482
5354
2605
4784
1675
1007
5744
1486
9339
5937
6937
1151
3391
5654
9107
8390
9655
126
5773
3625
6488
7532
3500
6206
1024
9848
1558
3808
4236
2597
2077
4547
8458
6174
9355
2956
4191
8031
2668
7554
6624
3177
178
5789
4644
1856
3169
3271
1311
5018
1201
8607
7268
8159
2727
3913
1161
5868
6860
2997
696
6587
1488
3430
6259
6899
1074
6620
6899
1298
8275
9378
8055
6512
2077
8925
178
1422
4052
5266
8915
4458
1765
9063
3445
7127
6736
5085
235
7499
4252
7041
6466
2102
90
25
5710
1714
637
8114
330
1234
7784
3313
5516
3590
232
6598
64
2332
4943
8527
4367
8810
9042
5693
5585
9228
4875
9867
6651
3242
1947
2251
5265
5111
1584
2484
8851
9926
8325
2025
6789
9761
1908
9881
8406
8239
7943
5395
4441
9598
7290
6903
7082
6319
2012
5270
4320
2459
4755
6388
2501
6720
2801
1017
6413
4141
2399
3115
6939
8718
1818
4551
5237
9245
5152
3764
2568
1108
384
742
9042
4204
800
1169
2922
351
4300
5117
3115
4615
5005
6944
4622
3907
4312
744
2061
8163
1049
8396
444
2107
7919
6902
1937
9085
276
2104
7538
6267
142
319
2436
8639
1735
6267
6967
1098
4170
5862
3801
6698
5284
5229
769
3137
8619
7679
7195
4886
1542
4493
6289
4756
9122
3597
3224
7416
3831
6206
7590
1838
1674
643
6024
1360
1848
2356
7980
4928
7296
5919
8271
1212
6270
158
8977
623
794
1375
9631
1813
614
7270
608
9210
1507
2471
6555
3875
625
7068
686
6599
9611
1543
6805
7859
6684
5469
9470
5036
3988
5304
5724
9398
9667
4812
9901
466
2261
3643
2783
4128
2615
9514
1519
2076
2387
7432
3929
1306
9260
7086
4004
4443
3224
7865
1844
4069
2808
2388
8631
2501
1966
3521
2016
3997
5438
9198
7238
826
143
658
2900
4044
9096
2651
8060
3377
9890
165
1235
6823
6588
3879
6702
1619
9194
6059
6570
2954
7814
3003
4637
757
6357
4445
4777
3725
2865
7488
2841
8806
672
850
9063
2511
923
8856
6774
5488
606
144
8902
9036
494
9231
4386
2263
6073
357
3715
687
7551
7953
3113
1122
1396
6965
9999
4330
1193
6311
6073
5569
7492
4253
3181
9220
1695
8939
2365
5903
4715
1207
5717
2530
2647
6323
9116
2861
2588
6
7138
3237
1657
981
8900
4503
4259
3282
6503
1999
6222
9226
4451
165
8882
3153
3
2592
4328
7873
7047
7239
855
6682
541
3396
2975
794
2161
2257
4873
1390
2470
4249
3561
6587
3284
2458
6760
1671
8714
2719
7541
1187
238
6761
6060
1440
2635
2557
7232
8619
9479
1698
6782
8734
594
3692
2432
743
6777
9944
5407
377
2001
4403
9421
5134
9538
1662
5354
2662
1118
153
229
2375
4913
1877
6593
5257
1489
5014
2604
7
9245
2136
7654
2840
7635
2508
5760
134
7136
5002
5135
1678
5323
347
1946
2211
7381
2853
1140
1152
3806
4997
397
1602
6404
2688
8217
2351
2572
2893
3668
8856
6203
6526
506
5025
78
4909
5958
8159
4921
1633
1347
7782
2095
5765
2107
7572
218
5710
2622
7054
6930
2210
702
140
1852
3189
8838
8251
4727
2332
1906
7850
1130
2430
5312
1858
5348
1930
4286
5404
5502
1925
1510
7257
7577
4780
7428
7895
1729
3975
8476
6358
9009
4435
6534
6188
2089
8025
5476
1794
5156
972
9825
7665
1254
2531
1155
454
4760
6110
1324
7679
695
3081
491
9213
8150
3019
925
4024
3751
2036
3722
69
8627
6870
5365
7637
5451
4196
2556
9603
8365
5191
3716
4843
1314
2926
2821
6770
2463
7016
378
2194
4302
9133
5038
3309
1973
3139
3876
2027
7334
3875
9086
800
9967
2394
1868
1014
1198
3823
4676
4372
1694
2867
900
6680
4203
3772
8676
1774
7146
4662
1309
323
9334
288
9302
8044
5569
8243
9640
9369
8273
4118
4401
8942
7279
917
5563
8069
568
4144
8309
4874
3610
3382
9719
3575
323
5875
22
5282
8620
560
6709
1424
2491
817
4841
1401
1052
8460
1541
441
6048
9749
9674
2666
411
1088
5935
4712
4017
4755
7333
7659
7117
9325
1243
3917
999
9631
8336
4886
2298
492
1249
728
2453
5640
623
8503
3376
4366
6695
9333
9358
106
9552
1752
4810
3054
9022
3786
2918
3132
269
7062
3581
313
1393
7491
2299
8848
8671
8724
8130
6211
5101
3158
4348
2027
1959
6718
321
9097
6001
4293
3347
2412
558
995
8753
173
9122
7824
8920
9110
282
9021
9968
1942
3289
3776
3977
1398
1784
3776
9958
8205
6688
8857
8052
7903
5391
6729
6977
3467
8622
3265
5144
3480
2155
8500
7821
67
4320
3522
4593
7640
6235
1725
544
8541
2133
9180
5002
8565
5841
2038
3396
1232
8228
6605
1593
5249
1044
5294
2319
5321
7506
3886
1087
3534
5678
5682
5958
9097
3728
4507
8958
8795
7807
7737
5175
3175
8622
7037
3558
1221
5351
4347
7952
3256
5725
4874
7748
2226
9215
9715
2629
8478
1098
2425
8441
9627
7106
7267
5470
5125
1950
6863
8543
7766
380
9101
9323
5944
4476
4847
9810
5362
7760
6554
3201
9273
7913
9066
5740
8294
7606
5078
7023
1019
7162
375
4740
6692
5352
1294
437
4751
143
5306
8034
4863
6743
9470
1282
151
2440
2568
4842
4863
5156
3351
8787
4720
5609
1506
9540
1849
5794
8071
210
1473
3422
6158
2914
2022
5680
815
8830
545
7726
7013
6861
5518
8795
7510
2183
7842
6284
1555
4483
8724
7033
7214
9949
7598
9596
4221
8508
8120
3531
4871
2501
929
2454
9594
6163
3555
3519
7726
8688
2112
7902
8851
904
4751
5842
731
3219
5324
3563
8387
1013
2764
7527
3925
7525
817
9972
3392
5045
4685
7974
8789
4272
8153
1269
194
8610
6056
4475
4464
5352
2262
2137
1851
5261
8232
7361
4424
6715
4880
95
8276
3164
6222
2649
2580
2421
9854
2331
2135
6941
2539
2625
9858
8733
8940
1725
9932
6358
4938
6028
4016
823
2543
2920
8446
4239
1219
7470
7186
2294
293
2721
1656
1643
7923
1349
2820
3906
622
3295
6021
2261
6736
9453
2478
1925
5061
1173
2175
9194
7970
7534
8208
6108
4298
3764
1817
5836
2386
2166
929
2418
4084
6539
4833
3613
4576
1687
362
8551
6072
8797
2019
7228
5745
4010
8838
1019
2553
7991
4458
1651
8038
1286
8353
3342
6550
1969
8253
5558
4467
7614
5346
671
3040
5966
4863
2683
5249
4658
5939
8525
2357
4740
6795
2807
387
312
1662
7724
659
1577
2300
1948
386
4220
133
257
5353
333
9262
7065
3609
4623
8969
2413
4393
5387
7436
7208
6889
3135
9123
1592
7136
812
1173
6414
3842
8725
6995
9342
5657
9592
7093
282
8141
5145
7012
4654
5495
967
3283
8765
2785
1406
874
9660
2401
8500
7935
9230
6036
7397
7269
8354
2330
6025
8440
4681
4406
9781
4185
1541
4262
6246
2681
3301
9548
278
2999
4400
4977
3187
2918
5512
5617
8055
5158
3434
66
7267
5908
4474
7114
9600
3806
2241
3073
6584
3278
3454
8260
8657
5895
4530
2990
4013
5374
6870
5208
8775
5415
8491
1592
3919
461
1380
8080
2066
7520
1420
9124
4670
3358
8942
2430
4834
2710
3988
8763
780
2829
2264
3941
7938
9804
9639
1563
3624
7343
536
841
3369
4891
459
9107
53
2372
9656
1271
1109
1438
5838
44
1952
6457
9554
8353
7305
8504
987
7534
2401
1162
2625
2339
2081
5193
8270
1205
2362
3222
4124
7290
5262
2603
7732
4495
9507
4801
7310
8641
4728
3708
7267
2040
6911
8298
9682
194
1386
9018
2402
3494
6256
3747
8028
2230
8483
9128
7421
4642
3007
101
82
7746
9238
274
2271
1763
6747
3592
8824
4288
9874
1663
6358
8588
2836
1672
4677
7326
3329
5395
8527
7782
3706
8508
5649
7509
3650
1983
6922
7806
2125
3706
3901
6054
8544
8468
1639
3654
4501
5989
6837
1903
5376
8719
2123
9136
9572
768
1871
7004
5085
9326
6955
1979
8846
7537
9117
7188
4261
1915
3909
3662
7309
2216
1987
5648
12
5528
8995
1647
3756
8929
1495
3059
2996
537
878
1870
9691
2232
6753
1603
2190
3043
879
7465
9555
2614
6803
9874
1637
3155
2172
1148
4408
744
7202
7845
8941
7580
329
8724
2053
9040
3867
8921
6378
9919
4537
9244
2322
9640
5081
8622
347
387
9091
6059
268
5218
765
2052
1737
6010
1746
3468
5826
5800
7149
789
4206
2353
1701
1074
2427
4351
7000
8537
3801
1913
607
6917
379
727
3539
671
8201
1921
445
3849
8152
5457
2277
8098
7931
3039
4852
4268
9461
1877
354
1566
388
2596
298
9154
1700
8113
3157
8838
3719
2117
9435
346
2275
5693
790
9960
7972
5339
2166
8424
6921
5899
1826
4737
991
1170
9955
6990
4236
6580
5616
8559
3946
7130
608
7685
7721
2209
1050
3581
9228
4967
1427
2667
7442
6129
9181
2102
349
590
1541
3346
5788
1570
1880
8288
3570
6820
2175
5520
2860
1025
4361
797
5974
2557
9956
1832
6594
983
1373
2705
2533
5446
5361
1280
9102
3325
3039
2308
2371
934
5925
3678
3284
600
5829
8480
5722
771
1174
3540
9071
6670
1052
9669
7744
1558
1257
6560
980
8472
8505
7441
1542
6317
74
617
1502
8262
8672
5378
1244
1233
1036
456
669
4637
1803
4636
7678
3297
4974
5175
7623
8490
1077
7207
2398
121
3033
4505
6270
4578
6039
5197
8805
9184
7244
5556
7150
554
3308
2287
8817
5838
8192
4512
5756
1194
1624
1195
1540
9039
1664
1580
8773
4564
6271
2271
7728
2017
1102
8105
7169
2724
2312
210
3215
667
6904
2471
2337
7805
6156
837
7109
7939
3245
1592
1852
248
1853
7719
4057
7655
7699
7120
2089
8193
448
4372
4453
4328
2412
5767
3880
6673
1056
7366
2136
6228
6394
6479
1619
9014
5638
6716
4487
1273
5944
2766
8820
5937
9977
6121
9380
2113
6831
7658
9874
9608
2169
2608
2409
208
1213
7402
393
936
1802
8372
9276
9107
8651
9724
572
111
9393
5199
7785
2888
570
4020
2012
2088
5456
1729
1831
5929
1180
3327
980
436
2622
3963
1603
3364
7354
6127
8959
8663
6712
1118
1278
5856
4973
7561
1328
9485
1508
4976
180
3141
2538
3897
3339
3934
6973
1170
4850
1457
5696
232
8053
7532
6032
538
3918
2511
3514
2090
5616
5458
5453
4788
6666
6340
1198
1314
8748
1389
2524
8800
2261
172
1795
1385
2969
4690
2420
7245
2040
8834
5398
3215
3697
1907
309
9559
1406
740
7973
4179
4661
1090
4145
4744
1364
966
1526
4872
4243
834
7724
5597
4783
8196
9421
9742
2094
6208
3378
9582
8886
5975
900
8618
9841
5977
7052
7834
764
3391
9076
16
1415
5022
5358
5939
3179
3456
8519
7034
7488
1463
3311
8359
381
1971
9323
955
164
30
8935
1222
3806
2404
5654
1522
9432
7377
5366
61
564
4644
766
433
7755
878
875
5680
2849
837
6511
6396
9180
3846
235
723
9094
9572
2713
5758
3185
4630
3572
9269
7097
9895
8704
5745
3680
5143
2512
1587
2312
6462
2586
8822
1048
9215
4464
1923
5757
7924
966
7527
3804
1012
3131
4214
8368
2377
1934
6378
5419
5408
2044
1473
932
1824
9164
9371
4819
3532
3263
1817
2160
1351
4145
6250
6924
276
3573
2214
6395
8367
2943
3731
4105
2917
8613
4414
291
6787
9393
3784
6625
4691
2792
3470
3183
6589
1745
6456
6104
2671
6076
3570
2603
3426
7883
821
7563
1240
7634
1984
2193
832
805
2582
1087
8154
9746
319
1593
803
7564
7681
8644
4503
704
7721
5307
5895
6758
7029
4581
675
8624
9257
4604
9049
1840
6608
6173
6209
9760
6254
2458
2831
8515
4860
5072
3300
1572
6048
3645
212
7286
9277
3280
1029
2652
7335
7225
287
4578
916
2789
1527
7792
3642
1000
660
6888
9186
1451
6214
7812
3457
6666
6888
2862
8376
1876
6332
60
2541
753
4108
2229
5749
1658
147
1956
7777
5205
2565
5651
8385
2586
9963
6920
7668
6509
1246
6732
2866
1419
9216
571
1618
6170
7130
1770
1383
2811
2156
5918
4155
6336
9368
3368
1309
3162
1899
1152
9630
5685
4365
4313
1204
3032
6587
8559
807
3250
2633
7908
6231
4058
103
7095
1115
9733
9941
2167
9168
1269
2607
6307
4835
1217
1706
8333
611
2669
6020
1992
8599
2513
635
6675
5412
795
4462
7243
4245
6283
8898
5317
8300
9434
693
9062
7448
3517
7777
4873
5753
6140
1974
7602
6410
3631
7387
998
5340
4374
9174
9911
2740
1410
8577
9974
3016
2511
3579
1189
7692
7011
192
1161
2362
342
2495
1193
9528
5570
1933
3543
3897
4569
5950
5392
301
9212
452
4659
3151
7968
2186
7855
7998
8271
2524
4280
7527
5840
8094
595
9805
7011
2747
3241
8739
6134
1183
6368
7563
6868
3196
1898
5098
7494
2681
1720
5812
2711
1023
7150
5971
6928
8343
9690
2668
8099
3534
6966
8429
7758
4617
2111
535
5265
3335
2189
2662
1650
2123
2205
7940
7502
3953
9258
9589
9638
8952
5077
129
4577
9764
9139
6164
5758
2327
8499
2932
1600
7033
9297
9470
5209
1160
6070
6015
5396
3747
4236
1927
1054
4845
11
3869
4970
7140
7773
1871
1220
6765
5933
34
1609
3413
9653
5894
4455
1280
6578
7328
8596
6229
4312
372
1686
5429
3079
1963
5669
143
8445
7535
5707
8573
5840
6449
4176
6236
9664
9653
9014
2289
6739
188
3539
3730
7791
531
2333
9272
967
6744
6307
4875
6177
2360
7241
2053
1903
9220
8993
937
6711
1989
4583
9456
6662
4657
7429
5268
5512
7674
2520
8622
8102
4843
4741
1310
8246
6948
1438
1769
4102
9957
6600
35
1888
8161
9122
8126
3286
979
1206
7851
998
9297
3856
7812
1429
7065
8915
4338
1497
3880
3325
8553
8138
1665
1467
7297
5782
754
3132
6701
8688
860
1512
9322
8515
6470
9426
9371
9952
8322
4503
1447
1633
6670
6255
6411
1074
7362
2993
6860
5574
485
2977
9035
8649
7912
140
614
758
4590
4273
6155
1116
5704
4957
9183
8719
7490
213
1204
2780
4680
6771
69
1774
1118
8296
2191
7450
4356
5896
1261
5114
5678
9581
6715
3417
3193
1823
9026
1897
8775
2741
1915
6996
8623
8256
1085
760
2920
5630
8738
2924
4137
2247
2609
7414
7329
1988
9017
9918
7507
4031
2047
6502
9144
5026
9638
2673
5004
2222
5314
9695
658
7443
5457
5619
3338
7367
9808
206
435
7021
4009
2459
7600
871
1267
4609
9786
5898
7681
5996
333
5679
9799
13
2074
3936
1070
335
3196
7213
3862
5773
3564
1070
6890
3788
4224
8425
3438
3747
9214
578
5987
8206
3862
8929
4319
7784
8946
1317
5903
7948
2531
6528
2875
460
4395
249
8445
596
8267
1784
1309
117
7845
4578
8782
1992
5243
6674
6140
2612
9931
2459
7801
5137
6834
5639
5057
1425
3999
8860
3865
15
7858
2438
2949
6550
2005
3401
3356
3037
305
3861
5897
1722
7063
9943
3394
4403
8242
293
7094
1923
2003
8140
2274
8505
5547
2101
5614
5623
5644
4630
377
4598
721
5617
2239
8759
5073
3848
9857
4752
1756
478
8120
9003
753
163
7151
2704
7421
9342
1554
1341
8053
5824
1925
1712
4152
6819
8669
3294
3311
8525
9478
1604
7883
1205
6273
1459
2500
8604
3397
6517
2947
1608
7310
2147
1009
4796
3405
2264
4868
8517
8088
8887
3263
3036
7904
5677
6389
8468
1917
193
5169
1462
6599
1861
3986
4518
6654
6325
9162
170
9123
1091
2089
9101
3349
2472
4839
3358
2436
4903
5022
2687
3041
2650
495
28
2112
2233
6648
2069
189
7670
889
2620
6869
6474
6033
4450
3
626
4200
2080
1871
4918
6986
9446
9429
5832
1813
4688
4220
7182
7444
1364
1603
9085
9645
9138
9560
7961
4439
5583
2270
4376
8881
4965
9580
9170
6143
5599
1781
1702
5495
1651
3409
9185
3323
9304
6519
1973
1942
5881
129
3822
6813
5938
3977
1946
3809
9900
473
3127
6095
4373
6848
92
6288
2488
9244
6719
8790
7202
2464
5256
9663
1695
6899
8764
9143
9979
7197
7944
6741
5058
9523
2581
162
728
9207
586
5887
1167
2015
7213
4128
2915
2094
4667
1758
7440
6244
1279
6334
374
4134
9821
2055
7109
7965
7746
7605
1884
3526
862
1989
1363
7631
3843
2413
1939
1353
2722
9218
2819
5504
1678
5114
8623
2259
780
2675
3092
8952
8052
6252
3638
1125
1233
9531
2752
6392
6669
6989
3902
1941
1736
9441
4964
2140
8269
3601
7645
3317
3370
8643
2994
1956
1670
6273
783
7665
3946
7926
9274
4369
4860
8378
5684
9376
9224
443
4509
4425
816
3461
1259
1125
8880
2349
7053
4903
7437
3355
1625
5780
3148
505
850
9315
1550
7184
3329
3654
5275
2368
8541
1961
9804
7664
7082
7076
5295
6360
346
8470
1923
9
9354
5842
7907
9942
2609
2991
436
1952
4004
5500
5504
2650
9341
9687
7660
5306
360
1640
1475
5128
2
5351
4667
4182
3041
4019
4840
5875
5433
6335
2642
3038
8226
9689
1088
5712
9345
2112
1748
2023
7842
7015
9483
6131
9672
7635
2791
7692
621
9117
3794
8538
1028
623
450
3124
8945
5020
7793
3559
7019
1046
373
8541
9792
5755
2472
9128
1521
7667
6127
8557
8077
8174
4200
9032
4076
9125
6185
2040
4731
8590
4606
1960
2777
2495
7369
4800
2049
3727
5214
2716
5083
2563
4496
7629
1669
8733
7230
1153
9958
1984
2012
4421
7053
2901
7132
5409
8577
2577
9064
2879
6246
8643
1880
733
4666
907
2087
1876
9786
8811
8230
8156
6160
2240
5311
6537
7823
1096
601
7027
5434
7086
4295
7608
1754
5669
292
821
4689
576
9101
8146
598
1170
8129
1695
7135
7197
486
2138
1459
5013
8037
6185
2277
3891
7861
9380
2388
1394
7896
9660
5287
9158
2610
5697
9339
5963
9589
6799
481
2635
416
5370
7862
3082
6986
4892
4414
2398
7662
1255
3782
388
6959
6322
2015
2729
877
9865
9672
3192
8313
4524
7876
1312
4749
6918
6073
7641
8230
6375
2283
5195
9116
9966
5517
2893
9394
165
8992
7234
7925
7252
872
773
1856
5114
4979
1953
2304
6818
7563
4425
61
302
9818
9122
6013
1853
1162
6810
5023
4084
4681
7156
513
4171
8450
9666
7417
565
1616
6594
2034
505
1492
842
716
5084
3504
7868
9304
9714
5181
2516
772
1648
4285
9556
8151
6209
5688
5654
1609
5963
1581
6049
3615
6403
3424
4711
427
7878
2354
9530
7203
2045
1805
3052
8833
252
2008
2000
1013
4854
5227
962
7086
5776
9944
6514
9366
805
5371
2432
9695
8491
6854
4633
9403
9141
139
6477
627
921
4000
7551
5387
2489
7093
405
9858
615
4873
8335
7497
9187
574
2102
6766
4812
6484
6352
7072
6057
3340
7657
2114
706
3688
7060
5308
8274
170
2897
8582
6193
3139
9097
2226
339
1095
1981
277
7670
8565
3960
3558
9252
7031
523
412
7918
148
9590
7903
3025
2897
677
6243
9331
6297
7179
7982
9285
6970
3512
4923
2749
143
6768
2579
3688
1142
7403
6647
7179
9513
6718
3218
2237
1223
2422
1458
5752
9912
911
4938
7891
9216
6921
578
8111
1621
5765
6051
2774
6927
2877
5882
2854
880
2859
3281
1275
258
6841
1117
877
6231
319
1418
7687
1007
6245
6166
4949
4064
7458
3241
6427
2116
6831
3691
6770
5922
523
1829
7227
5542
1621
7757
7512
7773
3829
2088
4199
7818
6540
8674
3711
7197
9227
7845
4732
3352
9276
3634
3644
3626
533
4323
5052
6056
4160
6980
2061
955
8851
4081
719
4015
923
2443
9224
8734
8595
1504
8673
8897
526
7133
3182
207
8243
8634
5922
7103
2113
8557
8709
8937
1136
6146
9778
1197
8738
4680
8416
5027
9543
9080
9210
7131
8035
4670
9232
8232
7471
480
502
4914
1667
2674
3
8554
5686
1901
626
4039
3136
8460
2989
3066
1664
8651
1733
1281
5410
9386
7298
1942
1088
1254
3777
8137
5224
7528
278
6231
463
7184
1672
2995
5082
8781
8095
2078
2980
3920
8868
583
4031
940
9125
5634
2500
5467
2697
5751
626
997
1670
9291
7201
9780
7856
3865
3601
5882
6609
6483
4511
6232
8226
2136
7493
4532
3935
3356
2301
4001
255
2272
2564
9191
199
7289
7134
4966
1275
397
8619
2246
471
5687
4695
3045
2762
6848
2055
1251
2909
6527
3477
1457
4093
451
640
1842
4450
7043
1695
9613
5052
3102
1515
4765
3564
4169
7040
9206
6719
9477
1400
9756
4140
8007
5611
359
2171
1492
2787
9697
3664
6633
3685
8673
1085
1750
2338
8220
827
4996
8900
7435
340
658
2506
6522
2540
1733
5093
2224
7872
825
9823
1922
9087
9678
1678
1307
2108
9614
4074
5640
2094
6391
7325
7376
7842
1721
6479
1244
7466
3919
6875
6131
6622
8222
2173
6152
1954
5406
9391
1743
1461
5219
5287
2741
5991
6856
6030
865
2015
7669
1972
804
1863
880
4577
6280
9179
3460
9205
4090
8559
482
4452
814
1218
5422
1523
3708
895
5458
1135
7467
9335
5307
6971
7334
4266
2253
1489
1516
2629
3991
5850
8044
6431
1740
9785
3314
3972
4703
5496
5532
1506
673
2918
5812
4868
7591
1050
9312
1663
9360
5045
8313
5692
6677
2896
2595
2065
2368
7807
2197
3630
2613
5622
276
5228
6099
8688
8385
1750
7827
883
4410
2449
5973
6019
4665
2371
9171
7325
8681
8059
3901
1707
6886
2621
1262
8864
2077
3513
3666
1664
1057
1523
6682
4512
489
6426
2110
9486
2322
4392
2616
6970
2397
9026
8887
3370
4604
1939
2009
2990
7602
2619
4130
8640
532
4561
6697
1220
1106
2530
7458
6670
7167
5168
6749
1820
34
2458
1718
70
698
1663
6261
376
6767
378
2946
9809
365
1373
2597
1237
7460
2149
8885
1344
288
1072
6962
7920
603
714
7786
3361
9873
4074
8007
4629
3093
6205
7890
2499
5539
154
593
3798
386
4387
996
4335
4842
3596
362
274
5234
9425
2495
8430
6401
6835
1741
6400
5384
9462
6951
4732
6675
105
3055
3329
6681
7576
4614
225
5316
2633
9322
3241
663
7668
323
8410
5674
2178
3841
5442
7975
5960
3083
6492
1100
8882
4297
5705
9273
610
6571
2411
2584
7481
1901
8859
5116
7982
1377
4691
485
5931
1855
5258
1661
5573
8586
9359
9714
279
8978
8805
5565
4771
2557
3524
300
2133
9127
2661
7218
8557
995
486
767
1067
6428
8231
9374
2044
6982
8737
7951
288
3951
6948
6453
2195
5114
5265
7500
3417
9124
1264
3482
375
8320
9979
1894
3861
4304
168
7005
2615
3890
9971
4665
2557
8688
6241
9438
5883
5726
2132
3830
10
1535
4248
4767
8655
6853
75
8787
4989
9506
9803
2805
3263
1562
4942
7464
9224
8081
3379
9249
9129
1652
6045
5874
4293
2612
3758
9184
9887
2930
1575
695
5579
5178
5350
3636
9282
710
199
8073
3515
5523
6414
1913
5425
7267
5487
3332
2968
6109
4581
7397
5941
7231
3578
7971
3736
5067
9435
2555
415
7706
6219
3095
7066
5618
47
160
4378
7383
1736
778
2634
7216
9171
313
7591
5908
4556
2274
490
8685
5547
7733
6871
1835
7137
6512
5173
9267
759
3565
9802
7422
1089
9265
6898
2708
387
9804
6806
1355
4950
4301
1104
2029
9454
2050
1991
1749
314
750
9544
746
9656
4899
2
7698
2683
740
9069
8596
242
4585
7411
470
1962
9419
5385
6471
2786
858
4343
8140
1504
2491
4509
9288
6426
2298
2359
76
7857
9966
7467
7403
2538
842
3863
8076
5874
1876
9948
6609
6467
822
8578
1799
3249
2987
7959
4336
8678
7220
4560
5972
3813
1178
4609
1248
5327
6297
2870
7204
6439
4810
5016
2873
1428
3107
6776
14
2059
4828
5751
8740
1324
7553
7377
6319
9052
5851
9640
2845
7275
7317
3767
5177
7397
2643
2757
6519
1939
2119
7495
464
9483
2154
9772
1550
8581
2070
3035
1582
751
9249
1241
5061
1727
5646
2148
1024
403
341
8862
1474
9397
3474
1481
8805
2995
5614
9896
6641
5361
3436
6179
2689
5629
5320
2727
7996
5084
3706
5676
814
8392
5709
1833
3053
8956
1573
4440
5639
2500
767
884
4342
879
5316
1486
6460
1045
8038
3144
7797
5230
3986
7602
8790
7687
6841
8937
3120
7049
6822
6466
3356
1115
2293
5294
7605
6539
1871
65
9206
5759
655
8851
209
6398
8068
1831
3243
7851
2603
3684
3576
4500
8636
1947
3643
9862
8469
4105
769
2187
3057
8678
4820
9220
5239
1748
5477
1321
5909
813
731
9232
7218
1024
2478
8409
9785
1010
807
7704
7391
579
6682
9433
4022
899
8683
1580
8406
1818
9430
7700
4120
7084
4605
2695
1057
4731
6369
8986
1420
5500
8541
1663
9644
8024
9192
7150
1354
1783
9064
9059
3522
3546
5516
4071
7913
6588
9126
3670
4066
5255
2229
5157
81
2432
3136
1227
1654
9076
1857
7464
675
3387
1982
4258
6341
1115
1326
7230
9266
5647
6184
7299
272
9122
7592
8536
3671
934
156
2180
2083
2712
6941
1144
6607
4204
1861
3133
6442
5793
2630
6297
2601
8003
5901
6852
2164
5627
1741
2743
71
8365
6892
1972
1662
8966
5066
6255
9201
4602
1808
6265
8303
370
1502
5560
1139
1679
3251
1953
4048
5484
604
39
7899
4375
8929
4504
8423
3063
7932
6623
1453
6143
4172
2318
2633
5385
5795
1204
6293
1457
6842
8596
2255
4003
5735
1609
539
9051
802
5392
4022
3869
8516
2088
5631
6273
720
908
8402
1757
2036
5116
101
4983
9268
7270
2871
279
1216
5142
1282
2400
9044
7713
8220
7264
6860
5813
680
306
9034
8083
657
1787
4802
8089
4929
668
4722
4982
4602
7923
6367
5013
2127
4096
7209
7159
1277
664
5705
1428
6098
8776
3223
1847
4157
8929
2275
5234
1323
5407
724
1585
1933
5199
2538
8061
6051
4333
2637
9804
3213
2895
7872
886
5417
4194
4051
7541
3203
1442
1042
5677
3795
4485
7978
8928
9
2892
5722
248
9537
5817
2441
7155
573
5183
1152
7035
3793
7245
1663
5382
5166
364
8146
6150
8981
7491
6875
2603
7686
9870
886
2342
9207
1112
165
1042
2169
5403
6643
9012
5218
1734
1776
206
2987
2408
1297
592
1315
882
8317
5888
2313
1903
6188
1996
9135
9407
1018
8994
8507
5557
3535
6423
8289
7269
3196
2740
3479
7832
6359
8520
9394
2097
7344
3089
4800
957
9976
3152
4607
5465
138
7951
1252
8678
2874
2931
7792
2396
8373
284
8663
8765
224
3464
7067
7541
446
9967
8762
9430
8067
3551
392
4580
8784
603
849
1737
1596
6915
2493
2709
7399
5128
7796
2498
4780
9533
5228
7648
6325
4216
2072
9342
1300
2322
9929
8015
7375
5596
2054
9041
7898
4958
6611
3888
3994
8954
2426
6307
5210
4628
6632
3072
6920
2377
5913
7534
2064
163
9020
9560
3284
8220
7396
2258
7282
7930
5800
3517
2168
2196
1080
3392
3862
8610
7575
5169
1896
1269
2801
5811
36
5113
1510
5747
9315
7112
2609
306
7823
966
9580
2325
4215
3888
2512
3133
562
7469
4734
372
2333
4794
8308
4331
1374
9216
2876
7839
731
5904
1692
2046
7175
7738
9983
1428
689
3675
284
5222
2556
2451
5680
581
6811
8041
8983
1645
944
9729
6852
880
5343
4283
7126
6058
492
2032
7703
49
5939
7081
5272
3634
5128
2417
2202
2312
937
571
8847
1808
8642
148
6161
3230
8082
3364
351
887
8400
4042
7872
1606
748
6781
5666
660
1444
5625
1783
8691
2278
1479
1689
2608
2572
7905
3921
1040
8216
6002
1890
9180
5864
7367
5463
677
534
530
6611
9071
4776
7525
3580
5088
836
2569
5749
2577
804
6341
1502
4918
8296
8238
5544
5065
1764
2441
6491
46
4465
5094
4987
7102
8648
6257
856
6537
462
8850
9733
8469
6565
602
8127
5364
4441
1621
1171
8605
3613
6604
548
329
8034
5128
653
6044
8958
1402
1328
504
2653
9902
7398
4930
1590
2278
9681
8685
9656
7322
2612
297
426
2542
5726
7978
8662
5310
4949
6187
1260
9382
9911
9087
3793
2381
47
1877
8458
2416
5449
4029
4005
9411
359
2667
8400
5908
7637
6505
9220
4642
2887
9834
4900
7626
663
1676
8852
2996
6544
5122
2537
954
4472
3025
7192
4390
3207
9549
3034
6420
1465
4799
771
6769
1563
9910
5721
6464
493
5350
2992
6432
175
237
8694
3446
8352
5006
6920
9909
9108
4801
9177
910
6420
8251
5344
5242
6064
1162
4571
427
6529
196
1754
344
677
1368
2075
1042
6856
2074
4127
2477
9487
5319
2394
3673
4269
4190
3035
969
3298
8025
9253
6623
770
5134
6386
3186
2058
1174
5121
9233
1682
815
1252
9909
1056
9643
3389
2820
6450
2271
8510
2257
8869
182
1229
6991
3962
5247
8390
6325
3460
4422
1016
1538
3671
4488
9480
6166
22
1928
1380
3705
8037
2571
4586
9393
8035
9685
232
5514
779
270
8578
2180
4526
1642
3361
924
1342
170
2433
4753
3152
1505
2885
2412
5805
4159
338
9053
9063
8119
1920
5261
4006
6296
866
7953
631
1566
579
3391
2474
1903
5027
2816
7408
2278
8831
3546
386
6923
1171
4726
2386
7435
2390
1020
3453
730
4643
3647
9206
6798
8250
8628
1897
9851
4698
3377
5378
479
7048
6792
6997
4503
2344
7195
2149
9143
2318
3472
668
500
6102
1644
3151
1669
4470
740
8494
6755
154
1441
2458
8430
987
3547
1317
7072
2
1442
9724
3969
9660
1073
9879
8610
508
2507
2598
5053
5913
2630
1833
9107
2513
7838
1122
2607
4233
9969
5640
9054
7367
2563
7279
4777
3690
4132
4709
8824
3432
3794
334
7467
3080
434
5010
1796
3289
109
7350
4538
6343
6259
4650
5211
9482
2562
6721
9946
5899
3174
2435
422
3322
2360
1337
6542
1790
9513
112
6416
959
4537
324
1522
9381
2382
3589
372
1007
6580
3155
3418
509
7379
7192
19
8812
7534
4050
2323
9390
5374
2021
2391
3327
5877
4288
8490
2596
9363
8398
5424
1282
7467
319
6276
2507
6677
5172
1090
6716
7132
4272
8166
4424
7849
7600
712
1627
5864
6432
9676
8208
2130
4843
3521
3710
4025
6702
3269
9119
9433
506
2925
6890
7780
1865
2516
6579
213
9387
3263
7254
9435
8648
3136
7036
4546
5142
8737
4548
4832
6402
2585
1558
7847
2473
2818
1822
5702
3898
1413
713
6020
1269
1968
1295
362
5724
621
3121
6608
4219
9411
487
5322
3440
9510
6405
3185
9156
1507
7981
9703
2947
2287
522
1941
3785
6319
8806
1207
7643
5809
2439
8731
4526
4341
4564
2563
9105
1620
5536
3846
4963
8028
8067
9086
2262
9118
3526
7267
1807
712
3355
1607
9797
1308
6351
9910
6017
6031
8531
532
6156
1700
2935
7718
775
8863
9493
7598
3964
3366
1866
4932
5271
7402
4376
3652
3468
6143
8509
6361
8100
1243
362
6905
1603
1121
6643
5025
6474
2702
4185
594
2399
2212
9308
6446
2287
4792
9901
6667
8710
7126
3089
6177
1629
6266
5881
7170
9099
9891
4395
5059
1397
5023
2481
3350
4997
4494
4700
6641
5295
8579
9982
2478
7492
62
7774
1688
5224
8422
8925
2374
2667
991
9299
2737
7828
7618
1775
1948
7644
4784
3342
9555
2365
9949
1448
1154
3061
371
5696
183
978
7411
2863
9724
61
4146
9192
8001
3051
9254
2433
7015
5437
6468
7990
9251
8783
3195
7809
7230
9577
366
440
8294
4505
2653
5555
4696
856
4527
2216
564
2094
1685
1855
7271
2422
4653
1827
6014
2067
1052
81
7045
4778
9124
6831
4729
9479
3469
2459
6417
4582
8535
9895
1328
5206
1272
3058
5280
9894
3379
8718
2598
41
7097
5947
2516
8868
5190
6881
9671
6933
9089
2550
1382
3191
5172
2603
3198
7733
415
3522
5372
8797
9073
3314
6490
870
2678
7062
3902
8137
174
9834
5055
6291
9136
3447
9786
7377
1714
1901
692
2376
1836
1542
341
2393
8714
5023
1996
6960
1981
4288
6883
4808
1350
2479
2156
1788
2479
633
2961
5527
1572
4834
1072
6202
6499
8158
2038
673
2541
1842
6879
3194
4803
2551
1166
5022
673
5682
7299
3407
3145
4602
5141
7181
8155
3812
2781
1086
7788
631
75
8457
3821
397
1573
9673
9388
7671
222
2402
1104
1830
6572
8076
3941
3799
9087
1224
2624
815
4772
6156
9329
2567
9555
9698
6331
5613
600
6427
4452
465
4264
9769
8292
7845
788
9437
9504
601
9448
952
8722
1632
1428
4716
4996
2825
9673
2068
1261
6829
4450
7117
2983
1780
8171
9826
6141
6352
3924
6600
9823
6277
1471
4285
4235
3137
6261
9352
4521
6588
8988
1164
1829
5656
884
234
4156
5430
2011
601
101
2003
1381
3801
5300
2393
4256
7013
197
6376
1606
5993
9987
758
2869
6044
495
9642
6078
579
3616
3528
5046
1561
6456
2951
3214
759
7408
5671
8296
9087
8843
2027
3929
1023
676
8346
2477
7155
707
6201
3051
6297
7003
4865
5493
5533
1035
5368
6109
9880
4701
3110
6282
944
6513
2740
4477
3543
1179
1396
8704
9002
1242
2761
3765
7487
541
9071
7195
895
522
989
3735
2035
9965
570
8841
6927
3231
5731
3828
4079
9957
8045
5519
3502
1031
8886
4041
8675
6165
1476
4814
5510
4471
9177
8635
6437
2296
5026
2460
4266
4851
3305
9683
1623
1168
3642
2100
1906
8519
3553
4492
1132
4771
9301
9746
8172
1397
4361
4583
9073
1798
3042
7896
5756
5292
3650
1303
9479
4843
459
960
6341
4023
4826
4696
2485
1651
5340
1389
5841
6221
3533
1136
3532
8796
8873
5641
3101
6881
7843
6565
488
6247
9778
3385
6096
5584
1496
7846
8285
8589
641
605
7111
3485
167
1422
3172
2245
3476
1460
3315
3541
539
5639
2134
424
2543
9579
128
9106
9883
2051
1509
9183
859
9175
9341
2348
1610
409
7364
4379
6336
8997
256
3803
1346
3052
7834
1459
4124
5051
2596
40
8554
7656
624
1255
9883
2096
8598
7582
5673
2592
6317
9014
6490
4553
7512
4940
8590
4457
2348
5624
391
9606
2494
664
6733
3320
684
7601
4379
6299
2229
398
7260
2922
5524
5447
426
3423
6010
8644
578
1346
1926
5650
660
1271
9086
6127
1671
464
645
8939
2855
1126
403
6581
391
6511
8776
6655
2362
6271
3383
8884
5449
4953
8952
7603
5795
7953
1846
4804
6312
2015
8186
4974
8386
2477
4514
2740
1971
7750
6319
6914
3094
9183
6367
3007
1034
2982
4752
7165
7218
8490
265
5946
2089
3336
326
1062
336
7007
7568
2636
3050
8849
5011
4369
2939
1009
703
2256
775
3410
2441
6403
4262
3559
8159
2693
3716
3636
1330
883
1877
7878
5243
3327
2490
8210
198
6197
481
1601
1085
9362
81
6639
3445
2722
8617
2168
3772
4509
4010
619
8742
8529
9480
6501
1062
1804
1958
2689
2350
8303
2004
9052
8189
1715
3197
255
1947
6584
7098
9679
3996
4558
1337
9024
1834
7657
6272
9886
9055
7216
2245
332
6723
2091
3949
1649
1282
8860
8396
